00000048
00000000
00000000
00000000
000000B7
00000000
00000000
00000000
000000B6
00000000
00000000
00000000
0000009A
00000000
00000000
00000000
000000BA
00000000
00000000
00000000
00000080
00000000
00000000
00000000
00000099
00000000
00000000
00000000
000000B3
00000000
00000000
00000000
00000044
00000000
00000000
00000000
000000CD
00000000
00000000
00000000
00000018
00000000
00000000
00000000
000000C6
00000000
00000000
00000000
000000C7
00000000
00000000
00000000
000000B0
00000000
00000000
00000000
00000063
00000000
00000000
00000000
00000092
00000000
00000000
00000000
000000BD
00000000
00000000
00000000
000000C1
00000000
00000000
00000000
000000D8
00000000
00000000
00000000
000000EC
00000000
00000000
00000000
000000A3
00000000
00000000
00000000
000000C2
00000000
00000000
00000000
0000005C
00000000
00000000
00000000
000000D2
00000000
00000000
00000000
000000B0
00000000
00000000
00000000
0000003E
00000000
00000000
00000000
000000AE
00000000
00000000
00000000
000000D2
00000000
00000000
00000000
00000029
00000000
00000000
00000000
000000AB
00000000
00000000
00000000
000000E9
00000000
00000000
00000000
000000D0
00000000
00000000
00000000
000000D2
00000000
00000000
00000000
00000045
00000000
00000000
00000000
000000AD
00000000
00000000
00000000
000000A0
00000000
00000000
00000000
000000CD
00000000
00000000
00000000
000000A7
00000000
00000000
00000000
00000035
00000000
00000000
00000000
00000025
00000000
00000000
00000000
000000D6
00000000
00000000
00000000
000000C1
00000000
00000000
00000000
000000C6
00000000
00000000
00000000
000000A0
00000000
00000000
00000000
000000D3
00000000
00000000
00000000
00000053
00000000
00000000
00000000
000000D2
00000000
00000000
00000000
000000B5
00000000
00000000
00000000
000000B2
00000000
00000000
00000000
000000B6
00000000
00000000
00000000
00000025
00000000
00000000
00000000
0000002D
00000000
00000000
00000000
000000C6
00000000
00000000
00000000
000000E5
00000000
00000000
00000000
0000003F
00000000
00000000
00000000
000000E7
00000000
00000000
00000000
000000AC
00000000
00000000
00000000
0000002B
00000000
00000000
00000000
000000E5
00000000
00000000
00000000
000000D0
00000000
00000000
00000000
0000005C
00000000
00000000
00000000
000000AE
00000000
00000000
00000000
000000F9
00000000
00000000
00000000
00000039
00000000
00000000
00000000
000000EE
00000000
00000000
00000000
000000A5
00000000
00000000
00000000
000000B0
00000000
00000000
00000000
000000D0
00000000
00000000
00000000
00000013
00000000
00000000
00000000
00000077
00000000
00000000
00000000
000000A4
00000000
00000000
00000000
00000033
00000000
00000000
00000000
0000002D
00000000
00000000
00000000
000000C8
00000000
00000000
00000000
000000D2
00000000
00000000
00000000
000000C9
00000000
00000000
00000000
000000B6
00000000
00000000
00000000
000000A7
00000000
00000000
00000000
0000003A
00000000
00000000
00000000
0000002D
00000000
00000000
00000000
000000D3
00000000
00000000
00000000
00000058
00000000
00000000
00000000
00000057
00000000
00000000
00000000
000000B0
00000000
00000000
00000000
000000B5
00000000
00000000
00000000
000000D7
00000000
00000000
00000000
000000E2
00000000
00000000
00000000
000000DD
00000000
00000000
00000000
000000D5
00000000
00000000
00000000
000000A4
00000000
00000000
00000000
000000D2
00000000
00000000
00000000
00000047
00000000
00000000
00000000
0000002F
00000000
00000000
00000000
000000B5
00000000
00000000
00000000
000000A2
00000000
00000000
00000000
00000050
00000000
00000000
00000000
000000A7
00000000
00000000
00000000
00000028
00000000
00000000
00000000
000000D6
00000000
00000000
00000000
000000D8
00000000
00000000
00000000
000000C7
00000000
00000000
00000000
000000CC
00000000
00000000
00000000
000000B7
00000000
00000000
00000000
00000098
00000000
00000000
00000000
0000003C
00000000
00000000
00000000
000000C0
00000000
00000000
00000000
000000BA
00000000
00000000
00000000
000000D7
00000000
00000000
00000000
000000B8
00000000
00000000
00000000
00000040
00000000
00000000
00000000
000000E4
00000000
00000000
00000000
000000AC
00000000
00000000
00000000
00000061
00000000
00000000
00000000
00000053
00000000
00000000
00000000
000000D2
00000000
00000000
00000000
00000015
00000000
00000000
00000000
000000C6
00000000
00000000
00000000
0000003D
00000000
00000000
00000000
0000002B
00000000
00000000
00000000
000000E5
00000000
00000000
00000000
000000CB
00000000
00000000
00000000
000000EF
00000000
00000000
00000000
00000045
00000000
00000000
00000000
000000C4
00000000
00000000
00000000
000000CB
00000000
00000000
00000000
00000091
00000000
00000000
00000000
0000002E
00000000
00000000
00000000
000000C2
00000000
00000000
00000000
