000000A8
00000000
00000000
00000000
000000FE
00000000
00000000
00000000
000000E2
00000000
00000000
00000000
000000DA
00000000
00000000
00000000
000000CC
00000000
00000000
00000000
000000E8
00000000
00000000
00000000
000000DD
00000000
00000000
00000000
00000018
00000000
00000000
00000000
000000D9
00000000
00000000
00000000
000000D8
00000000
00000000
00000000
000000F5
00000000
00000000
00000000
00000014
00000000
00000000
00000000
000000D8
00000000
00000000
00000000
000000C4
00000000
00000000
00000000
000000DE
00000000
00000000
00000000
00000005
00000000
00000000
00000000
