00000000
00000000
00000000
00000000
0000004B
00000000
00000000
00000000
00000000
00000000
00000000
00000000
00000000
00000000
00000000
00000000
00000001
00000000
00000000
00000000
0000007F
00000000
00000000
00000000
0000007F
00000000
00000000
00000000
0000004B
00000000
00000000
00000000
0000007F
00000000
00000000
00000000
00000000
00000000
00000000
00000000
00000003
00000000
00000000
00000000
00000000
00000000
00000000
00000000
00000000
00000000
00000000
00000000
0000004B
00000000
00000000
00000000
00000025
00000000
00000000
00000000
0000007F
00000000
00000000
00000000
00000001
00000000
00000000
00000000
0000007F
00000000
00000000
00000000
0000007F
00000000
00000000
00000000
0000007F
00000000
00000000
00000000
00000003
00000000
00000000
00000000
0000007F
00000000
00000000
00000000
00000001
00000000
00000000
00000000
00000000
00000000
00000000
00000000
00000000
00000000
00000000
00000000
0000007F
00000000
00000000
00000000
0000004B
00000000
00000000
00000000
00000000
00000000
00000000
00000000
00000000
00000000
00000000
00000000
00000000
00000000
00000000
00000000
00000000
00000000
00000000
00000000
00000000
00000000
00000000
00000000
0000007F
00000000
00000000
00000000
0000007F
00000000
00000000
00000000
0000007F
00000000
00000000
00000000
0000007F
00000000
00000000
00000000
00000000
00000000
00000000
00000000
00000001
00000000
00000000
00000000
0000007F
00000000
00000000
00000000
00000001
00000000
00000000
00000000
00000001
00000000
00000000
00000000
00000011
00000000
00000000
00000000
00000003
00000000
00000000
00000000
00000025
00000000
00000000
00000000
00000000
00000000
00000000
00000000
00000000
00000000
00000000
00000000
0000007F
00000000
00000000
00000000
0000007F
00000000
00000000
00000000
00000000
00000000
00000000
00000000
00000025
00000000
00000000
00000000
00000000
00000000
00000000
00000000
00000025
00000000
00000000
00000000
0000007F
00000000
00000000
00000000
0000007F
00000000
00000000
00000000
00000000
00000000
00000000
00000000
0000007F
00000000
00000000
00000000
00000000
00000000
00000000
00000000
00000000
00000000
00000000
00000000
00000011
00000000
00000000
00000000
0000007F
00000000
00000000
00000000
00000025
00000000
00000000
00000000
00000001
00000000
00000000
00000000
0000007F
00000000
00000000
00000000
00000011
00000000
00000000
00000000
