000000F4
00000000
00000000
00000000
000000FF
00000000
00000000
00000000
000000F7
00000000
00000000
00000000
000000F6
00000000
00000000
00000000
000000FA
00000000
00000000
00000000
00000000
00000000
00000000
00000000
00000000
00000000
00000000
00000000
000000FF
00000000
00000000
00000000
00000000
00000000
00000000
00000000
000000F8
00000000
00000000
00000000
000000FB
00000000
00000000
00000000
000000F8
00000000
00000000
00000000
000000F7
00000000
00000000
00000000
000000FF
00000000
00000000
00000000
000000FE
00000000
00000000
00000000
00000003
00000000
00000000
00000000
000000F9
00000000
00000000
00000000
00000001
00000000
00000000
00000000
00000000
00000000
00000000
00000000
00000001
00000000
00000000
00000000
000000FB
00000000
00000000
00000000
00000002
00000000
00000000
00000000
000000FA
00000000
00000000
00000000
000000F5
00000000
00000000
00000000
000000F5
00000000
00000000
00000000
0000000A
00000000
00000000
00000000
000000FF
00000000
00000000
00000000
000000F8
00000000
00000000
00000000
000000EE
00000000
00000000
00000000
000000F6
00000000
00000000
00000000
000000F7
00000000
00000000
00000000
000000E7
00000000
00000000
00000000
00000005
00000000
00000000
00000000
00000008
00000000
00000000
00000000
00000008
00000000
00000000
00000000
00000000
00000000
00000000
00000000
000000F5
00000000
00000000
00000000
000000F9
00000000
00000000
00000000
00000008
00000000
00000000
00000000
000000F9
00000000
00000000
00000000
000000FA
00000000
00000000
00000000
000000FD
00000000
00000000
00000000
000000FB
00000000
00000000
00000000
000000FE
00000000
00000000
00000000
000000F3
00000000
00000000
00000000
000000EF
00000000
00000000
00000000
00000002
00000000
00000000
00000000
00000005
00000000
00000000
00000000
000000F5
00000000
00000000
00000000
000000FE
00000000
00000000
00000000
000000F1
00000000
00000000
00000000
000000FE
00000000
00000000
00000000
00000006
00000000
00000000
00000000
00000004
00000000
00000000
00000000
000000ED
00000000
00000000
00000000
00000000
00000000
00000000
00000000
000000F8
00000000
00000000
00000000
000000F5
00000000
00000000
00000000
000000FD
00000000
00000000
00000000
00000001
00000000
00000000
00000000
000000FE
00000000
00000000
00000000
000000F9
00000000
00000000
00000000
00000004
00000000
00000000
00000000
000000FD
00000000
00000000
00000000
