00000000
00000000
00180000
00030000
00000001
00000000
001C0006
00080000
00000007
00000000
00280004
00110000
00000001
00000000
001E0008
000B0000
00000000
00000000
001C0001
00020000
00000000
00000000
00190004
00010000
00000000
00000000
001A0000
00020000
00000000
00000000
00130000
00010000
00000700
01000700
00020000
00030003
00020202
00000000
001D0005
001D0000
0002090D
00000400
002C0008
00230002
00020412
00000200
0034000E
001F0000
00000017
00000000
0042000C
00320000
00000021
00000000
00400023
00400000
00000319
00000000
004E001C
003E0001
00000111
00000000
0026000E
00250001
0000000F
00000000
00380005
00280000
0000001D
00000000
003A0015
002E0000
0000001A
00000000
00490018
002C0000
00000000
00000000
00190002
00050000
00000002
00000000
00200002
00090000
00000001
00000000
001D0008
00060000
00000000
00000000
00000B00
00000000
00000000
00050000
00000C00
00000006
00000000
00000000
00001200
00000005
00000000
00070000
00000E00
00000008
00000000
00000000
00000500
00000000
00000000
00000000
00000400
00000001
00000000
00000000
00000400
00000000
00000000
00000000
00000400
00000000
01000000
02000002
00000000
00000000
00000000
00000000
00000800
00000000
02000100
01000000
00001000
00000007
00000100
01000000
00001700
00000009
00000000
00000000
00002600
0000000A
00000000
00000000
00002E00
0000000A
00000000
00010000
00002300
00000013
00000000
00060000
00001F00
00000009
00000000
00000000
00001C00
00000006
00000000
00000000
00002500
0000000C
00000000
00000000
00001F00
0000000E
00000000
00000000
00000500
00000001
00000000
00000000
00000D00
00000002
00000000
00050000
00000C00
00000006
00000100
06010000
00000000
00000300
00000200
0D040000
00000000
00001100
00000C00
14080000
00000000
00000700
00000200
11050000
00000000
00001600
00000000
0A000000
00000000
00000B00
00000000
08000000
00000000
00001000
00000000
08000000
00000000
00000800
00000000
04000000
00000000
00000800
02000002
05000001
00010101
00010400
00000F00
180F0000
00010001
00000400
00001800
1A160000
00020002
00000100
00001A00
1B100000
00000000
00000300
00002600
2A170000
00000000
00000300
00002900
37110000
00000000
00000F00
00002E00
32250000
00000000
00000A00
00001300
240E0000
00000000
00001000
00001D00
23140000
00000000
00000200
00002700
27130000
00000000
00000900
00002400
27150000
00000000
00000B00
00000200
0A010000
00000000
00001000
00000400
0C030000
00000000
00000300
00000000
0F020000
00000000
00001300
02000000
00000000
00000000
03000011
08010000
00060000
00000A00
0800001A
08050000
00000000
00000B00
09000027
09010000
00090000
00000F00
0A000020
01000000
00000000
00000700
01000017
01000000
00010000
00000800
01000014
01000000
00000000
00000300
01000014
01000000
00000000
00000100
0100000C
00020001
00000103
03010000
00000006
080C0000
00000100
00000800
0A000026
100A0000
00000100
02010F00
0E000035
12060000
00000200
00001500
12000032
12100000
00000000
00001300
1E00003D
0F0C0000
00000000
00001400
2E000034
1D120000
00010000
01002600
1E000056
09090000
00020000
00001100
1C000026
0F0E0000
00000000
00000F00
15000037
13090000
00000000
00001000
1F000030
160A0000
00000000
00001F00
1C000042
01000000
00000000
00000900
03000019
04020000
00000000
00000400
0600001B
06000000
00080000
00000E00
0700001D
00000000
03000000
00000002
00000000
00000000
08000000
00000008
03000000
00000000
07000000
00000007
06020000
00000000
09000000
0000000A
04000000
00000000
01000000
00000000
00000000
00000000
00000000
00000001
00000000
00000000
01000000
00000001
00000000
00000000
01000000
00000000
00000000
00000000
01000000
00000200
00000000
00000000
04000000
0000000D
12000000
00000000
05000900
0000010F
0F0A0000
00000000
08000F00
0000000C
0A100000
00000000
16000300
00000015
13050000
00000000
22000600
00000017
11050000
00000000
10001300
0000011C
1F150000
00000000
15000700
0000010D
0B070000
00000000
0C000000
00000012
10000000
00000000
16000800
00000014
0E0B0000
00000000
10001300
0000000E
10150000
00000000
02000100
00000001
00000000
00000000
05000000
00000004
02000000
00000000
06000100
00000006
02000000
00000000
00000000
01000000
0400000F
00000200
00000000
0A000000
12000015
00000600
00000000
07000000
0A000015
00000200
00000000
0E000000
16000016
00000000
00000000
02000000
0C000013
00000000
00000000
03000000
0F000014
00000000
00000000
02000000
09000011
00000000
00000000
00000000
04000009
00000001
01000000
01000200
00000002
00000600
02000000
0E000000
04000001
00000F00
02000000
09000000
0400000B
00001100
00000000
0B000000
07000018
00001100
00000000
15000000
0A00001E
00001100
00000000
2B000000
0F000026
00031E00
00000000
1D000000
16000022
00030D00
00000000
17000000
0700001C
00000D00
01000000
0F000000
06000015
00001400
00000000
19000000
0E000023
00031300
00000000
14000000
0D000023
00000100
00000000
04000000
0C000011
00000200
00000000
05000000
05000012
00000200
00000000
0A000000
15000016
00000100
00000000
00000000
00000000
00000400
00000000
00000002
00000200
00000600
00000000
00000007
00000800
00000500
00000000
00000001
00000200
00000000
00000000
00000000
00000000
00000000
00000000
00000000
00000000
00000000
00000000
00000000
00000000
00000000
00000000
00000000
00000000
00010000
00020002
02010000
00000000
00000500
00000000
00000007
00000E00
00000B00
00000102
02000015
00001800
00000C00
00000000
00000016
00001300
00001100
00000000
00000011
00001500
00001900
00000000
0000000E
00001400
00001600
00000101
0000001F
00002600
00000E00
00000000
0000000A
00001000
00000C00
00000100
0000000E
00001300
00001400
00000000
00000014
00001600
00000F00
00000000
0000001A
00001900
00000000
00000000
00000000
00000000
00000200
00000000
00000002
00000200
00000400
00000000
00000001
00000100
00000502
00000500
00070000
000D0000
04000B0C
00070D00
000C0000
00120000
04001008
00011600
00100000
00120000
05000E0F
00091100
000E0000
00150000
00000402
00000A00
00040000
000F0000
00000203
00020900
00010000
00100000
00000302
00000700
00030000
000D0000
00000300
00000400
00040000
00070000
0000020D
00000000
00040002
00040102
07001908
00001200
00190000
00060000
09001E08
01001D00
001C0001
00050002
0C00160B
00022300
00140000
000B0000
10002609
00022B00
00290000
00180000
24001B0F
000E2300
001A0000
00260000
1600320B
00093A00
002E0000
00120000
0F001215
00061900
00150000
001C0000
0A002402
00002500
00260000
00100000
1600200C
00072700
001B0000
001D0000
15002005
00062D00
001D0000
00140000
00000408
00000900
00060000
00120000
02000A03
00000B00
000C0000
000E0000
0400090A
00080F00
00090000
00140000
