00000000
00000000
00220000
000D0000
00000000
00000000
001D0000
00000000
00000000
00000000
00140000
00000000
00000000
00000000
001D0000
00080000
00000000
00000000
00120000
00000000
00000000
00000000
000E0000
00000000
00000000
00000000
00170000
00000000
00000000
00000000
001D0000
00000000
00000000
00000000
00180000
00000000
00000000
00000000
001E0000
00010000
00000000
00000000
001D0000
00000000
00000008
00000000
00260014
001F0000
00000002
00000000
001F0012
00140000
00000000
00000000
001C0006
000E0000
00000000
00000000
00110000
00000000
00000000
00000000
00130000
00000000
00000000
00000000
00020000
00000000
00000000
00000000
002A0003
00120000
00000011
00000000
004A0018
00310000
00000024
00000000
00550007
003B0000
00000000
00000000
002C0000
00070000
00000000
00000000
00250000
00020000
00000000
00000000
00260008
00150000
0000000A
00000000
00250019
001F0000
00000000
00000000
001B000F
000D0000
00000000
00000000
00180010
00100000
00000000
00000000
00130000
00000000
00000000
00000000
00210000
00070000
00000000
00000000
00170000
00000000
00000000
00000000
001A0000
00010000
00000000
00000000
001F0000
00040000
00000000
00000000
001F0000
00080000
00000000
00000000
001D0000
00050000
00000000
00000000
001F0003
00000000
00000000
00000000
00170000
00000000
00000000
00000000
001D0006
00010000
00000000
00000000
00200008
00000000
00000000
00000000
001F000E
00060000
00000000
00000000
00170004
00000000
00000000
00000000
00150000
00000000
00000000
00000000
001C0000
00000000
00000000
00000000
000B0000
00000000
00000000
00000000
00160000
00000000
00000000
00000000
000F0000
00000000
00000000
00000000
001F0001
00080000
00000000
00000000
00200001
00000000
00000000
00000000
00160000
00000000
00000000
00000000
001F0000
00000000
00000000
00000000
00150000
00000000
00000000
00000000
001E0000
00060000
00000000
00000000
001B0000
00000000
00000000
00000000
001A0000
00020000
00000000
00000000
001C0000
00000000
00000000
00000000
00110000
00000000
00000000
00000000
000A0000
00000000
00000000
00000000
000A0000
00000000
00000000
00000000
00030000
00000001
00001B00
0A002200
00000000
00000019
00000000
00000600
00100000
00120000
00000000
00000000
00000000
00000000
00041C00
00000F00
00000000
00000000
00000000
00000000
00000000
00000000
00000000
00000000
00000000
00000000
00000000
00000000
00000000
00040000
00000000
00000000
001F0000
00060000
00000000
00000000
00030000
00000000
00000000
00000000
001A0004
00130000
00000B00
00000000
0054001B
00660000
00000212
00000000
00560008
00630000
000D0300
00000000
00000000
00000000
00000000
00000000
00000000
00000000
00000000
00000000
00250000
00000000
00000042
00000000
007B001E
00660000
00000026
00000000
00760026
00660000
00001200
00000600
00220000
0019000A
00001000
00000F00
00240000
00310003
00070D00
00000000
00000000
00000000
000C1800
00000C00
00000000
00000000
00000700
00000000
00000000
00000000
00000005
00000000
00340003
00130000
0000006B
00000000
007F0055
007F0000
00000007
00000000
0042000B
000D0000
00000000
00000000
00250000
00000000
00000000
00000000
00000000
00000000
00000017
00000000
003A000B
003C0000
00000025
00000000
006A001C
00520000
00000055
00000000
007F002E
007E0000
00000008
00000000
003B0000
00140000
00000000
00000000
00240000
00000000
00000019
00000000
005D000C
00520000
00000009
00000000
002D0000
001D0000
00000000
00000000
00000000
00000000
00000000
00000000
000C0000
00080000
0000003A
00000000
00420043
005B0000
00000024
00000000
006A001F
00660000
00000020
00000000
00310022
00330000
00000000
00000000
00210000
00130000
0000003E
00000000
00540053
006F0000
0000004A
00000000
007F003E
007F0000
0000007F
00000000
007F0065
007F0000
00000001
00000000
0045000A
00110000
00000000
00000000
002B0000
00000000
00000000
00000000
002A000E
00160000
00000000
00000000
0044001B
00510000
00000D00
00000100
002F000A
00430000
00000A00
00000200
00040000
00040009
00000000
00000000
00000000
00000000
00000000
00000000
00000000
00000000
00000022
00000000
00280020
00470000
00000045
00000000
007F0041
007F0000
00000015
00000000
001A000F
00190000
00000000
00000000
00280000
00100000
00000009
00000000
00340003
00180000
0000002A
00000000
004E0011
00490000
00000006
00000000
00310000
00110000
00000027
00000000
007C0015
007E0000
00000000
00000000
001A0000
00000000
00000007
00000000
00330000
00120000
0000000E
00000000
00440000
003E0000
00000000
00000000
00000000
00000000
00000000
00000000
00090000
00000000
00000000
00000000
000D0000
00050000
00000000
00000000
00020000
00000000
00000037
00000000
00570037
00540000
00000053
00000000
007F0036
007F0000
0000005F
00000000
007D003E
007D0000
00000000
00000000
00390000
00130000
00000024
00000000
002E0035
00500000
00000026
00000000
006B001F
004A0000
0000007E
00000000
007F0060
007F0000
00000004
00000000
00420010
00080000
00000000
00000000
00300000
00000000
00000000
00000000
000F0000
00000000
00000000
00000000
00150000
00010000
00000000
00000000
000E0000
00000000
00000000
00000000
00110000
00000000
00000000
00000000
00180000
00000000
00000000
00000000
00150000
00000000
00000000
00000000
00100000
00000000
00000000
00000000
002A0009
00180000
00000000
00000000
002B0006
00100000
0000000E
00000000
0039000A
00260000
00000000
00000000
00210000
00030000
00000000
00000000
001D0000
00000000
00000000
00000000
001C0000
00070000
00000000
00000000
001D0000
00050000
00000000
00000000
000E0000
00000000
00000000
00000000
00190000
00010000
00000000
00000000
001B0000
00000000
00000000
00000000
001F0000
00000000
00000000
00000000
001C0000
00010000
00000000
00000000
001C0006
00000000
00000003
00000000
00220017
00120000
00000006
00000000
00210019
00160000
00000000
00000000
00190008
00040000
00000000
00000000
00160000
00000000
00000000
00000000
00210000
00030000
00000000
00000000
001D0000
00020000
00000000
00000000
001E0000
00060000
00000000
00000000
00170000
00000000
00000000
00000000
00001E00
00000000
00000000
00000000
00001000
00000000
00000000
00000000
00000A00
00000000
00000000
00000000
00001700
00000004
00000000
00000000
00000100
00000000
00000000
00000000
00000000
00000000
00000000
00000000
00000800
00000000
00000000
00000000
00000200
00000000
00000000
00000000
00000500
00000000
00000000
00000000
00000500
00000000
00000000
00000000
00000200
00000000
00000000
000F0000
00002100
00000016
00000000
00100000
00001800
00000013
00000000
000A0000
00001400
0000000B
00000000
00000000
00000600
00000000
00000000
00000000
00000900
00000000
00000000
00000000
00000000
00000000
00000000
00000000
00001000
00000000
00000000
00000000
00002C00
00000017
00000000
00000000
00003B00
00000012
00000000
00000000
00000800
00000000
00000000
00000000
00000500
00000000
00000000
00000000
00001300
00000007
00000000
00170000
00002200
00000019
00000000
00110000
00001800
00000012
00000000
00120000
00001400
0000000E
00000000
00000000
00000000
00000000
00000000
00000000
00000900
00000000
00000000
00000000
00000000
00000000
00000000
00000000
00000600
00000000
00000000
00000000
00000600
00000000
00000000
00000000
00000900
00000000
00000000
00000000
00001000
00000001
00000000
00000000
00000400
00000000
00000000
00000000
00000100
00000000
00000000
00000000
00000100
00000000
00000000
00000000
00000400
00000000
00000000
00010000
00000D00
00000006
00000000
00000000
00000000
00000000
00000000
00000000
00000100
00000000
00000000
00000000
00000800
00000000
00000000
00000000
00000000
00000000
00000000
00000000
00000300
00000000
00000000
00000000
00000000
00000000
00000000
00000000
00001000
00000003
00000000
00000000
00000400
00000000
00000000
00000000
00000000
00000000
00000000
00000000
00000200
00000000
00000000
00000000
00000000
00000000
00000000
00000000
00000A00
00000000
00000000
00000000
00000700
00000000
00000000
00000000
00000F00
00000000
00000000
00000000
00000000
00000000
00000000
00000000
00000000
00000000
00000000
00000000
00000000
00000000
00000000
00000000
00000000
00000000
00000000
00000000
00000000
00000000
08000200
0B00000C
00030001
00000000
00000000
00000000
00000000
00000000
00000000
00000000
00000000
00000000
00000000
01000000
00000000
00000000
00000000
00000000
00000000
00000000
00000000
00000000
00000000
00000000
00000000
00000000
00000300
00000000
00000000
00000000
00000000
00000000
00000000
00000000
00000000
00000000
00000000
00000000
00000100
00000000
00000000
00020000
00001A00
00000002
00000000
00000000
00002400
00000000
01000100
00000000
00000000
00000000
00000100
00000000
00000000
00000000
00000000
00000000
00000900
00000000
00000000
00000000
00005A00
00000029
00000000
00000000
00001E00
00000012
03000000
00000000
00000000
00000000
04000000
01000100
00000000
00000000
03000000
03000000
00000000
00000000
02000500
05000000
00000000
00000000
00000600
00000000
00000000
00000000
00000000
00000000
00001600
00000000
00000000
00000000
00007500
00000049
00000000
00000000
00000300
00000000
00000000
00000000
00000000
00000000
00000000
00000000
00000000
00000000
00000000
00000000
00002C00
00000000
00000000
00000000
00004200
0000001E
00000000
00000000
00006F00
00000028
00000000
00000000
00000E00
00000000
00000000
00000000
00000000
00000000
00000000
00000000
00002B00
0000000E
00000000
00000000
00001C00
00000000
00000000
00000000
00000000
00000000
00000000
00000000
00000000
00000000
00000000
00000000
00004B00
00000000
00000000
00000000
00004800
00000016
00000000
00000000
00002700
00000000
00000000
00000000
00000900
00000000
00000000
00000000
00004200
00000000
00000000
00000000
00006B00
0000003E
00000000
00000000
00007F00
0000004C
00000000
00000000
00000200
00000000
00000000
00000000
00000000
00000000
00000000
00030000
00000E00
00000005
00000000
00050000
00001800
00000007
00000000
00000000
00000100
00000000
02000000
00000000
00000000
00000000
00000000
00000000
00000000
00000000
00000000
00000000
00000000
00000000
00000000
00000000
00002800
00000000
00000000
00330000
00007F00
0000003B
00000000
00000000
00001600
00000000
00000000
00000000
00001000
00000000
00000000
00000000
00001F00
0000000C
00000000
00000000
00004800
00000011
00000000
00000000
00001000
00000000
00000000
00000000
00003E00
00000012
00000000
00000000
00000600
00000000
00000000
00000000
00000500
00000000
00000000
00000000
00002100
00000003
00000000
00000000
00000000
00000000
00000000
00000000
00000000
00000000
00000000
00000000
00000000
00000000
00000000
00000000
00000000
00000000
00000000
00000000
00004300
00000007
00000000
00000000
00007400
0000003C
00000000
00000000
00006800
00000021
00000000
00000000
00000B00
00000000
00000000
00000000
00002300
00000000
00000000
00000000
00004500
00000018
00000000
00000000
00007F00
00000059
00000000
00000000
00000000
00000000
00000000
00000000
00000000
00000000
00000000
00000000
00000000
00000000
00000000
00000000
00000000
00000000
00000000
00000000
00000000
00000000
00000000
00000000
00000000
00000000
00000000
00000000
00000000
00000000
00000000
00000000
00000000
00000000
00000000
00000000
00000200
00000000
00000000
00000000
00001200
00000001
00000000
00000000
00001500
00000007
00000000
00000000
00002B00
0000000A
00000000
00000000
00000400
00000000
00000000
00000000
00000000
00000000
00000000
00000000
00001300
00000000
00000000
00000000
00000A00
00000000
00000000
00000000
00000000
00000000
00000000
00000000
00000800
00000000
00000000
00000000
00000000
00000000
00000000
00000000
00000700
00000000
00000000
00000000
00000300
00000000
00000000
00000000
00000200
00000000
00000000
000E0000
00001A00
00000014
00000000
00170000
00001F00
00000018
00000000
00060000
00000F00
00000008
00000000
00000000
00000100
00000000
00000000
00000000
00000600
00000000
00000000
00000000
00000400
00000000
00000000
00000000
00000C00
00000000
00000000
00000000
00000500
00000000
00000500
0E040000
00000000
00000000
00000000
08000000
00000000
00000000
00000000
01000000
00000000
00000000
00000200
09040000
00000000
00000200
00000000
03000000
00000000
00000C00
00000000
00000000
00000000
00000200
00000000
0A000000
00000000
00000500
00000000
05000000
00000000
00000200
00000000
00000000
00000000
00000000
00000000
0C000000
00000000
00000500
00000000
06000000
00000000
00000600
00000C00
20140000
00000000
00002300
00000100
190B0000
00000000
00002700
00000000
16030000
00000000
00002000
00000000
04000000
00000000
00001000
00000000
05000000
00000000
00000500
00000000
00000000
00000000
00000100
00000200
1B000000
00000000
00001300
00002800
2E190000
00000000
00000E00
00003400
32260000
00000000
00000000
00000000
10000000
00000000
00000000
00000000
0A000000
00000000
00000000
00000800
130A0000
00000000
00001000
00000800
22130000
00000000
00002E00
00000000
16060000
00000000
00002A00
00000000
19030000
00000000
00002E00
00000000
03000000
00000000
00000B00
00000000
0F000000
00000000
00000D00
00000000
06000000
00000000
00000500
00000000
09000000
00000000
00000100
00000000
0D000000
00000000
00000500
00000000
0D000000
00000000
00000900
00000000
0C000000
00000000
00000F00
00000000
09000000
00000000
00001200
00000000
04000000
00000000
00000D00
00000000
0E000000
00000000
00001900
00000000
0B000000
00000000
00001300
00000000
11000000
00000000
00001C00
00000000
04000000
00000000
00001000
00000000
05000000
00000000
00001000
00000000
09000000
00000000
00000C00
00000000
00000000
00000000
00000000
00000000
03000000
00000000
00000D00
00000000
00000000
00000000
00000B00
00000000
0F000000
00000000
00001100
00000000
0A000000
00000000
00000800
00000000
04000000
00000000
00000400
00000000
10000000
00000000
00000A00
00000000
04000000
00000000
00000000
00000000
0E000000
00000000
00000500
00000000
06000000
00000000
00000100
00000000
06000000
00000000
00000400
00000000
0A000000
00000000
00001100
00000000
00000000
00000000
00000200
00000000
00000000
00000000
00000A00
00000000
00000000
00000000
00000E00
00000000
00000000
00000000
00000900
1300000E
00000006
00050809
00050400
00000000
12000000
00000000
00000000
00000000
00000000
00000000
00000000
00000000
00000000
00000000
00000000
00000000
02000000
00000000
00001300
00000000
02000000
00000000
00000000
00000000
0F000000
00000000
00000000
00000000
16000000
00000000
00000000
00000000
00000000
00000000
00000100
00000000
15000000
00000000
00001700
00003E00
3F400000
00020004
00000800
00003D00
443B0000
00030001
00000000
00000000
00000000
00000000
00000000
00000000
00000000
00000000
00000200
00000000
1D000000
00000000
00000000
00006400
4A4E0000
00000000
00000000
00005200
39480000
00000000
00000000
00000001
15000000
00000004
00000500
00000801
1C1B0000
000F0009
00020000
00000000
00000000
00000000
00000000
00000000
00000000
00000000
00000000
00000000
00000000
00000000
00000400
00000600
25000000
00000000
00000000
00007F00
6A7A0000
00000000
00000000
00000800
11000000
00000000
00000000
00000000
0A000000
00000000
00000600
00000000
00000000
00000000
00000000
00002100
31070000
00000000
00000B00
00004A00
492D0000
00000000
00000A00
00006C00
61480000
00000000
00000000
00000B00
16020000
00000000
00000000
00000000
0B000000
00000000
00000000
00003F00
3D2E0000
00000000
00000600
00001200
1B0C0000
00000000
00000000
00000000
00000000
00000000
00000000
00000000
02000000
00000000
00000500
00002D00
4D000000
00000000
00001100
00004800
5A3B0000
00000000
00000000
00001200
2E000000
00000000
00000F00
00000800
0E000000
00000000
00000800
00003D00
61000000
00000000
00003F00
00007D00
71500000
00000000
00000E00
00007F00
757C0000
00000000
00000000
00000300
22000000
00000000
00000000
00000000
0D000000
00000000
00000600
00000800
1C030000
00000000
00002700
00002F00
34350000
00000000
00000E00
00001400
2A250000
00020003
00000000
00000002
03000000
00000000
00000800
00000000
00000000
00000000
00000000
00000000
00000000
00000000
00000A00
00001600
37000000
00000000
00001A00
00006D00
7F670000
00000000
00002D00
00000000
1D000000
00000000
00001100
00000500
16000000
00000000
00000800
00001200
1C060000
00000000
00000C00
00003B00
3B260000
00000000
00000000
00000C00
19000000
00000000
00000000
00006200
52520000
00030000
00030000
00000000
0A000000
00000000
00000000
00000400
1B000000
00000000
00000700
00002900
2E250000
00000000
00000000
00000000
00000000
00000000
00000000
00000000
00000000
00000000
00000200
00000000
08000000
00000000
00001100
00000000
00000000
00000000
00001100
00003200
55000000
00000000
00002700
00007F00
6B600000
00000000
00000000
00006900
5B390000
00000000
00000000
00000E00
14000000
00000000
00000000
00001A00
45000000
00000000
00003600
00003F00
54140000
00000000
00001300
00007F00
6D7F0000
00000000
00000000
00000000
0A000000
00000000
00000000
00000000
0C000000
00000000
00000400
00000000
00000000
00000000
00000B00
00000000
09000000
00000000
00000300
00000000
04000000
00000000
00001000
00000000
05000000
00000000
00000C00
00000000
09000000
00000000
00001300
00000000
05000000
00000000
00000E00
00000000
05000000
00000000
00001600
00000B00
18060000
00000000
00001300
00000700
16000000
00000000
00001600
00001B00
23140000
00000000
00000000
00000000
0A000000
00000000
00000000
00000000
05000000
00000000
00000000
00000100
06020000
00000000
00000000
00000000
0B000000
00000000
00000300
00000000
00000000
00000000
00000000
00000000
0A000000
00000000
00000100
00000000
09000000
00000000
00000300
00000000
0C000000
00000000
00000000
00000000
0C000000
00000000
00000D00
00000000
08000000
00000000
00001200
00000100
1A080000
00000000
00002800
00000000
20090000
00000000
00003200
00000000
0E000000
00000000
00001D00
00000000
03000000
00000000
00000300
00000000
0F000000
00000000
00000800
00000000
09000000
00000000
00000000
00000000
0E000000
00000000
00000300
00000000
07000000
00000000
00000600
03000000
00000000
00000000
0C000029
00000000
00000000
00000000
01000013
00000000
00000000
00000000
0000000A
0B000000
00000000
00000400
0C00001B
00000000
00000000
00000000
00000003
00000000
00000000
00000000
00000005
00000000
00000000
00000000
00000010
00000000
00000000
00000000
0000000E
02000000
00000000
00000000
0000000C
00000000
00000000
00000000
00000014
04000000
00000000
00000500
00000018
18090000
00110000
00002200
1D000036
13000000
00150000
00001B00
1500002A
0B000000
000B0000
00001200
0F00001F
00000000
00000000
00000000
00000008
00000000
00000000
00000000
00000007
00000000
00000000
00000000
00000000
00000000
00000000
00001300
09000038
1B0A0000
00000000
00002B00
1B000051
221C0000
00000000
00001800
2600005F
02000000
00000000
00000000
01000023
01000000
00000000
00000300
0000001D
0E000000
00000000
00001200
0D00002C
1A070000
001A0000
00002600
1F000036
11000000
00180000
00001A00
13000023
0A000000
00190000
00001900
11000024
00000000
00000000
00000000
00000011
01000000
00000000
00000A00
0000001C
00000000
00000000
00000000
0000000F
00000000
00000000
00000000
00000014
00000000
00000000
00000300
0000001C
03000000
00000000
00000700
0200001D
03000000
00000000
00000C00
0600001B
00000000
00000000
00000D00
00000018
00000000
00000000
00000500
00000012
00000000
00010000
00000D00
0000001A
01000000
00000000
00000E00
0000001C
08000000
000A0000
00001800
08000023
01000000
00000000
00000700
00000017
00000000
00000000
00000100
0000000C
00000000
00000000
00000300
00000014
00000000
00000000
00000000
00000000
00000000
00000000
00000000
0000000E
00000000
00000000
00000000
00000008
06000000
00000000
00000C00
0700001E
00000000
00000000
00000800
00000019
00000000
00000000
00000000
0000000F
00000000
00000000
00000600
0000001A
00000000
00000000
00000000
00000013
00000000
00000000
00000000
0300001A
03000000
00000000
00000000
00000015
05000000
00000000
00000200
05000015
00000000
00000000
00000600
00000011
00000000
00000000
00000000
00000008
00000000
00000000
00000000
00000003
00000000
00000000
00000000
00000001
00000000
00000000
00000000
00000000
00000006
04000016
0F0A0000
00000000
000D0000
00000000
06000000
0000000D
00000000
00000000
00000000
00000000
00000000
00000800
00010000
00000000
00000000
00000000
00000000
0000001F
00000000
00000000
00000000
00000000
00000000
00000000
00000000
02000000
00000000
00000000
00000100
0000001A
00000000
00000000
00000000
00000000
00000000
00000000
00000700
04000022
222F0000
00000000
00002200
2500006E
1F320000
00000000
00001A00
2700006B
00000000
00000500
00000000
00000000
00000000
00000000
00000000
0000001D
00000000
00000000
00001000
00000021
40360000
00000000
00003700
4100007F
43000000
00000000
00003200
2500007F
00000000
00000000
02040000
00000017
001D0000
00000000
10000000
0700002E
00000000
00000100
00020000
00000000
00000000
00000900
00010000
00000000
00000000
00000400
00000000
00000000
00000000
00000000
00001600
03000030
792D0000
00000000
00007B00
5A00007F
15000000
00000000
00001200
0000003A
00000000
00000000
00000000
0000000D
00000000
00000000
00000000
00000000
00000000
00000000
00000300
3000002A
1F1F0000
00000000
00003D00
2E000078
44270000
00000000
00002100
55000072
0E000000
00000000
00000900
06000036
00000000
00000000
00000000
00000015
20250000
00000000
00002C00
24000061
03180000
00000000
00000000
1000002A
00000000
00000000
00000000
00000000
00000000
00000000
00000000
05000029
0C000000
00000000
00000000
52000000
27260000
00000000
00003300
3600007F
01000000
00000000
00000000
2F000000
00000000
00000000
00000800
0D000037
00000000
00000000
00000000
5F000000
433D0000
00000000
00006900
4C00007F
7F1D0000
00000000
00006200
6E00007F
00000000
00000000
00001600
00000038
00000000
00000000
00000900
0000001D
02000000
00080000
00001F00
0D000031
1D220000
00000000
00002000
1F000060
0A180000
00000000
05000500
0E000048
00000000
00000000
03020000
00000006
00000000
00000000
00000000
00000000
00000000
00000000
00000000
00000000
00000000
00000000
00000000
3D000000
3E460000
00140000
00006700
6A00007F
00000000
00000000
00000000
20000000
00000000
00000000
00000D00
0B000033
0D000000
00000000
00001600
0F000030
1F1C0000
00000000
00000300
3900003E
00000000
00000000
00000A00
09000027
37370000
00000000
00002400
3400007F
00000000
00000000
00000000
0000000F
00000000
00000000
00001B00
06000032
131E0000
00000000
00001300
1B00004F
00000000
00000000
00000000
00000000
00000000
00000000
00000000
00000016
00000000
00000000
00000000
04000027
00000000
00000000
00000000
00000012
04000000
00000000
00000C00
3C000002
4F4A0000
00000000
00006000
5400007F
43000000
00000000
00000A00
60000038
00000000
00000000
00000900
03000032
00000000
00000000
00000000
49000000
06180000
00000000
00004700
29000072
7F360000
00000000
00007F00
6700007F
19000000
00000000
00001400
00000035
00000000
00000000
00000800
00000018
00000000
00000000
00000000
0000000D
00000000
00000000
00000300
00000013
00000000
00000000
00000000
00000003
00000000
00000000
00000300
0000000E
00000000
00000000
00000A00
00000011
00000000
00000000
00000400
00000012
00000000
00000000
00000600
01000019
00000000
00000000
00001700
1000003F
06000000
00000000
00001600
09000029
160C0000
00000000
00000700
1D000037
01000000
00000000
00000000
00000019
00000000
00000000
00000000
00000010
05000000
00000000
00000000
0800001F
00000000
00000000
00000000
00000015
00000000
00000000
00000000
00000006
00000000
00000000
00000000
00000012
00000000
00000000
00000000
00000010
00000000
00000000
00000500
0000001B
00000000
00000000
00000800
0000001A
00000000
00000000
00000D00
0000001A
14000000
00160000
00002200
1400002E
13000000
001E0000
00002500
19000030
08000000
000B0000
00000F00
0800001B
00000000
00000000
00000000
00000010
00000000
00000000
00000600
0000001D
01000000
00000000
00000400
0000001D
00000000
00000000
00000000
01000017
00000000
00000000
00000000
00000010
00000000
06000000
00000004
00000000
00000000
04000000
00000001
00000000
00000000
03000000
00000000
00000000
00000000
0C000000
00000009
00000000
00000000
00000000
00000000
00000000
00000000
00000000
00000000
00000000
00000000
01000000
00000000
00000000
00000000
00000000
00000000
00000000
00000000
00000000
00000000
00000000
00000000
00000000
00000000
00000000
00000000
00000000
00000000
00000000
00000000
18000400
0000001B
0F040000
00000000
13000000
00000016
07000000
00000000
11000000
0000000E
02000000
00000000
04000000
00000000
00000000
00000000
03000000
00000000
00000000
00000000
00000000
00000000
00000000
00000000
07000000
00000000
00000000
00000000
14000200
00000016
17060000
00000000
19000000
00000023
1A0C0000
00000000
00000000
00000000
00000000
00000000
00000000
00000000
00000000
00000000
09000000
0000000E
09000000
00000000
1C000400
0000001E
11030000
00000000
14000000
00000012
03000000
00000000
12000000
00000010
02000000
00000000
00000000
00000000
00000000
00000000
00000000
00000000
00000000
00000000
00000000
00000000
00000000
00000000
00000000
00000000
00000000
00000000
00000000
00000000
00000000
00000000
00000000
00000002
00000000
00000000
07000000
00000002
00000000
00000000
00000000
00000000
00000000
00000000
00000000
00000000
00000000
00000000
00000000
00000000
00000000
00000000
00000000
00000000
00000000
00000000
03000000
00000005
00000000
00000000
00000000
00000000
00000000
00000000
00000000
00000000
00000000
00000000
00000000
00000000
00000000
00000000
00000000
00000000
00000000
00000000
00000000
00000000
00000000
00000000
00000000
00000000
00000000
00000000
07000000
00000005
00000000
00000000
00000000
00000000
00000000
00000000
00000000
00000000
00000000
00000000
00000000
00000000
00000000
00000000
00000000
00000000
00000000
00000000
03000000
00000002
00000000
00000000
00000000
00000001
00000000
00000000
05000000
00000001
00000000
00000000
00000000
00000000
00000000
00000000
00000000
00000000
00000000
00000000
00000000
00000000
00000000
00000000
00000000
00000000
00000000
00000000
00000000
00000200
00000000
00000000
00000000
00001200
00000000
00000000
00000000
00000000
00000000
00000000
00000000
00000000
00000000
00000000
00000000
00000000
00000000
00000000
00000000
00000000
00000000
00000000
00000000
00000000
00000000
00000000
0B000000
00000000
00000000
00000000
00000000
00000000
00000000
00000000
00000000
00000000
00000000
00000000
00000000
00000006
0A000000
00000000
09000000
00000032
4C000000
00000000
0C000000
0000002E
3C000000
00000000
00000000
00000000
00000000
00000000
00000000
00000000
00000000
00000000
00000000
00000000
00000000
00000000
25002D00
0000003B
363B0000
00000000
00001C00
0000002D
27180000
00000000
00000000
00000100
05000000
00000000
00000000
00000410
19000000
00000000
00000000
00000000
00000000
00000000
00000000
00000000
00000000
00000000
00000000
00000000
00000000
00000000
01000000
00000000
00000000
00000000
18007900
00000050
507E0000
00000000
00000000
00000000
00000000
00000000
00000000
00000000
00000000
00000000
00000000
00000000
00000000
00000000
27000000
0000000C
00000000
00000000
25000A00
00000022
2C070000
00000000
3F001100
00000045
30240000
00000000
00000000
00000006
00000000
00000000
00000000
00000000
00000000
00000000
18000000
00000023
34000000
00000000
0A000000
0000000F
0B000000
00000000
00000000
00000000
00000000
00000000
00000000
00000000
00000000
00000000
45000000
00000022
00000000
00000000
1A000600
00000032
35010000
00000000
25000000
0000000F
00000000
00000000
05000000
00000001
00000000
00000000
4C000000
00000010
00000000
00000000
3A002900
00000042
542A0000
00000000
30006C00
0000005A
3F7D0000
00000000
00000000
00000000
00000000
00000000
00000000
00000000
00000000
00000000
0A000000
00000006
0A000000
00000000
09000500
00000026
36000000
00000000
00000000
0000001A
27000000
00000000
00000000
00000500
00000000
00000000
00000000
00000000
00000000
00000000
00000000
00000000
00000000
00000000
31000000
00000009
00000000
00000000
42003800
00000051
52390000
00000000
1E000000
00000000
00000000
00000000
09000000
00000000
00000000
00000000
0F000000
0000000C
06000000
00000000
2F000000
0000002D
19020000
00000000
04000000
00000000
00000000
00000000
13000000
0000003E
48000000
00000000
00000000
00000000
00000000
00000000
00000000
00000000
00000000
00000000
0F000000
0000001A
1D000000
00000000
00000000
00000000
00000000
00000000
00000000
00000000
00000000
00000000
03000000
00000000
00000000
00000000
00000000
00000000
00000000
00000000
36000000
00000013
00000000
00000000
38003500
0000004B
5A3D0000
00000000
41000800
00000041
141B0000
00000000
00000000
00000002
03000000
00000000
3C000000
00000000
00000000
00000000
27000000
00000010
26000000
00000000
1A007F00
0000005C
547F0000
00000000
00000000
00000000
00000000
00000000
00000000
00000000
00000000
00000000
00000000
00000000
00000000
00000000
00000000
00000000
00000000
00000000
00000000
00000000
00000000
00000000
00000000
00000000
00000000
00000000
00000000
00000000
00000000
00000000
00000000
00000000
00000000
00000000
01000000
00000000
00000000
00000000
09000700
00000005
01000000
00000000
0A000000
00000004
00000000
00000000
15000000
00000019
0C000000
00000000
00000000
00000001
00000000
00000000
00000000
00000000
00000000
00000000
06000000
00000005
00000000
00000000
03000000
00000001
00000000
00000000
00000000
00000000
00000000
00000000
00000000
00000000
00000000
00000000
00000000
00000000
00000000
00000000
00000000
00000000
00000000
00000000
00000000
00000000
00000000
00000000
00000000
00000000
00000000
00000000
10000400
00000012
05020000
00000000
19000200
00000017
09000000
00000000
09000000
00000007
00000000
00000000
00000000
00000000
00000000
00000000
00000000
00000000
00000000
00000000
00000000
00000000
00000000
00000000
03000000
00000000
00000000
00000000
00000000
00000000
00000000
00000200
00000000
02000000
0000000B
00000000
00000000
00000000
0000000D
00000000
00000000
00000000
0300000F
00000000
00000000
05000000
06000017
00000000
00000000
00000000
0600000D
00000000
00000000
00000000
0200000B
00000000
00000000
00000000
05000010
00000000
00000000
00000000
07000014
00000000
00000000
00000000
00000011
00000000
00000000
00000000
0700000D
00000000
00000000
00000000
0A000011
00001000
00000000
22000000
2700001F
00000400
00000000
1E000000
2600001D
00000000
00000000
14000000
1E000019
00000000
00000000
00000000
0D000010
00000000
00000000
00000000
0100000D
00000000
00000000
00000000
00000001
00000000
00000000
0C000000
1200001E
00000E00
00000000
18000000
2200002F
00002000
00000000
17000000
07000022
00000000
00000000
00000000
0000000B
00000000
00000000
00000000
0500000F
00000000
00000000
10000000
14000018
00000F00
00000000
26000000
2F000022
00000000
00000000
1A000000
27000020
00000000
00000000
1D000000
2800001A
00000000
00000000
00000000
0800000D
00000000
00000000
03000000
0E000015
00000000
00000000
00000000
0500000D
00000000
00000000
00000000
0300000E
00000000
00000000
02000000
09000010
00000000
00000000
04000000
0C000013
00000000
00000000
05000000
0F000017
00000000
00000000
00000000
12000019
00000000
00000000
00000000
0D000016
00000000
00000000
05000000
14000016
00000000
00000000
03000000
1500001A
00000000
00000000
0E000000
1D00001A
00000000
00000000
01000000
0D000013
00000000
00000000
00000000
0D000014
00000000
00000000
00000000
0E000017
00000000
00000000
00000000
00000008
00000000
00000000
00000000
0B000013
00000000
00000000
00000000
0800000F
00000000
00000000
08000000
1300001A
00000000
00000000
00000000
0D000015
00000000
00000000
00000000
0500000F
00000000
00000000
02000000
0B00000F
00000000
00000000
00000000
0100000A
00000000
00000000
04000000
0700000F
00000000
00000000
00000000
05000010
00000000
00000000
00000000
05000015
00000000
00000000
00000000
0C00000D
00000000
00000000
00000000
01000003
00000000
00000000
00000000
03000002
00000000
00000000
00000000
00000000
00000000
00000000
00000000
00000000
00000007
0A000000
00000C03
00000000
00000000
00000000
00000000
00000000
00000000
00000000
00000000
00000000
00000000
00000000
00000000
00000000
00000000
00000000
00000000
0000000F
00000000
00000000
00000000
00000000
00000000
00000000
09000000
00000000
00000000
00000000
00000000
04000002
00000000
00000000
00000000
00000000
00000000
00000000
11000000
0E000000
00001600
07000000
2F000000
0C000000
00001700
06000000
24000000
00000000
00000000
00000000
00000000
00000000
00000000
00000000
00000000
00000007
00000000
00000000
00000000
0E000008
00004C00
00000000
26000000
0F000031
00002900
00000000
19000000
00000015
00000000
08000000
00000000
00000000
00000000
07000000
09000000
00000000
00000000
00000000
00000000
00000000
00000000
00000000
00000000
00000000
00000000
00000000
00000000
00000000
00000000
00000000
00000000
10000011
00007800
00000000
31000000
25000062
00000000
00000000
00000000
0000001E
00000000
00000000
00000100
00000005
00000000
00000000
00000000
00000000
00000D00
00000000
25000000
0400002E
00001F00
00000000
23000000
2700003C
00005100
00000000
40000000
12000043
00000000
00000000
00000000
00000013
00000000
00000000
00000000
02000007
00000A00
00000000
1B000000
14000023
00000000
00000000
04000000
00000003
00000000
00000000
00000000
00000001
00000000
00000000
02000000
0000000B
00001A00
00000000
58000000
03000030
00002600
00000000
2A000000
0C000021
00000000
00000000
31000000
0000001E
00000000
00000000
09000000
06000015
00000800
00000000
5F000000
20000044
00004100
00000000
3C000000
4600005B
001B7F00
00000000
4A000000
2400006C
00000000
00000000
00000000
09000015
00000000
00000000
00000000
0800000C
00000000
00000000
13000000
21000020
00001900
00000000
2A000000
11000007
00000600
03000000
21000000
00000000
00000000
00000000
02000000
00000000
00000000
00000000
00000000
00000000
00000000
00000000
00000000
00000000
00000D00
00000000
3C000000
00000032
00155E00
00000000
49000000
1D000057
00000000
00000000
22000000
00000016
00000000
00000000
06000000
0800001B
00000000
00000000
0A000000
16000029
00002E00
00000000
2E000000
07000024
00000000
00000000
00000000
08000011
00002E00
06000000
29000000
00000011
00000000
00000000
00000000
0000000D
00000000
00000000
01000000
0D000018
00000F00
00000000
14000000
01000012
00000000
00000000
00000000
00000000
00000000
00000000
00000000
0000000E
00000000
00000000
0B000000
04000011
00000000
00000000
01000000
0200000A
00000000
00000000
3A000000
26000041
00005500
00000000
37000000
30000053
00004D00
00000000
49000000
0E000049
00000000
00000000
00000000
02000011
00000000
00000000
4A000000
06000030
00000000
00000000
1F000000
3600003B
00157F00
00000000
34000000
23000071
00000000
00000000
00000000
0000001B
00000000
00000000
00000000
03000008
00000000
00000000
00000000
00000001
00000000
00000000
00000000
01000004
00000000
00000000
00000000
07000004
00000000
00000000
00000000
06000009
00000000
00000000
00000000
0F000011
00000000
00000000
00000000
0A000011
00000000
00000000
04000000
0A000013
00000700
00000000
11000000
13000021
00000000
00000000
09000000
19000023
00001300
00000000
19000000
0A00001F
00000000
00000000
00000000
0000000A
00000000
00000000
00000000
00000004
00000000
00000000
03000000
00000013
00000000
00000000
00000000
06000010
00000000
00000000
00000000
0000000C
00000000
00000000
00000000
0200000E
00000000
00000000
00000000
0600000B
00000000
00000000
00000000
08000012
00000000
00000000
03000000
0C000010
00000000
00000000
02000000
13000017
00000500
00000000
1C000000
2B000022
00000700
00000000
24000000
32000023
00000000
00000000
0F000000
1B00001A
00000000
00000000
00000000
05000011
00000000
00000000
02000000
0B000011
00000000
00000000
00000000
05000011
00000000
00000000
00000000
08000010
00000000
00000000
00000000
0800000F
00000400
00000000
00000004
00000000
00000000
00000000
00000000
00000000
00000000
00000000
00000000
00000000
00000600
00000000
00000000
00000000
00000000
00000000
00000000
00000000
00000000
00000000
00000000
00000000
00000000
00000000
00000000
00000000
00000000
00000000
00000000
00000000
00000000
00000000
00000000
00000000
00000000
00000000
00000000
00000000
00000000
00000000
00000000
00000000
00001200
00000000
0000000A
00000E00
00000C00
00000000
00000003
00000400
00000600
00000000
00000000
00000000
00000000
00000000
00000000
00000000
00000000
00000000
00000000
00000000
00000000
00000000
00000000
00000000
00000000
00000000
00000000
00000000
00000F00
00000000
0000000F
00001400
00001D00
00000000
00000029
00002A00
00000000
00000000
00000000
00000000
00000000
00000000
00000000
00000000
00000500
00000000
00000000
00000100
00001400
00000000
0000000B
00000E00
00000A00
00000000
00000000
00000000
00000600
00000000
00000000
00000000
00000000
00000000
00000000
00000000
00000000
00000000
00000000
00000000
00000000
00000000
00000000
00000000
00000000
00000000
00000000
00000000
00000000
00000000
00000000
00000000
00000000
00000000
00000000
00000000
00000000
00000000
00000000
00000000
00000000
00000000
00000000
00000000
00000000
00000000
00000000
00000000
00000000
00000000
00000000
00000000
00000000
00000000
00000000
00000000
00000000
00000000
00000000
00000000
00000000
00000000
00000000
00000000
00000000
00000000
00000000
00000000
00000000
00000000
00000000
00000000
00000000
00000000
00000000
00000000
00000000
00000000
00000000
00000000
00000000
00000000
00000000
00000000
00000000
00000000
00000000
00000000
00000000
00000000
00000000
00000000
00000000
00000000
00000000
00000000
00000000
00000000
00000000
00000000
00000000
00000000
00000000
00000000
00000000
00000000
00000000
00000000
00000000
00000000
00000000
00000000
00000000
00000000
00000000
00000000
00000000
00000000
00000000
00000000
00000000
00000000
00000000
00000000
00000000
00000000
00000000
00000000
00000000
00000000
00000000
00000000
00000000
00000000
00000000
00000000
00060000
000C000B
0F050000
00000000
00000000
00000006
00000000
00000000
00000000
00000000
00000000
00000000
00000000
00000000
00000000
00000000
00000000
00000000
00000000
00000000
00000000
00000000
00000000
00000000
00000000
00000000
00000000
00000000
00000000
00000000
00000000
00000000
00000000
00000000
00000000
00000000
00000000
00000000
00000000
00000000
00001300
00000001
00000019
00003A00
00001700
00000301
00000020
00003A00
00000000
00000000
00000000
00000000
00000000
00000000
00000000
00000000
00000000
00000000
00000000
00000000
00003400
00000000
00000055
00005F00
00002300
00000500
00000050
00005800
00000000
00000005
03000000
00000000
00000000
00000609
06000000
00000B00
00000000
00000000
06000000
00000000
00030000
00000000
03000000
00000000
00000000
00000000
00000000
00000000
00000000
00000000
00000000
00000000
00005300
00000000
0000007F
00007F00
00000000
00000000
00000013
00000000
00000000
00000000
00000000
00000000
00000000
00000000
00000000
00000000
00001100
00000000
00000000
00000000
00001800
00000000
00000018
00002700
00004700
00000000
00000050
00005100
00000300
00000000
0000000C
00000200
00000000
00000000
00000000
00000000
00001300
00000000
00000011
00002600
00000400
00000000
00000000
00000600
00000000
00000000
00000000
00000000
00000000
00000000
00000000
00000000
00003800
00000000
00000001
00000000
00002000
00000000
0000002F
00004800
00001D00
00000000
00000000
00000000
00000000
00000000
00000000
00000000
00002400
00000000
00000000
00000000
00003000
00000000
00000040
00005800
00006900
00000000
0000007F
00007F00
00000000
00000000
00000000
00000000
00000000
00000000
00000000
00000000
00000000
00000000
00000000
00000000
00001000
00000000
00000013
00002A00
00000400
00000504
00000005
00001A00
00000000
00000001
02000000
00000000
00000000
00000000
00000000
00000000
00000000
00000000
00000000
00000000
00001D00
00000000
00000000
00000000
00004100
00000000
00000052
00007F00
00000D00
00000000
00000000
00000000
00000000
00000000
00000000
00000000
00000400
00000000
00000000
00000000
00002800
00000000
00000022
00002400
00000000
00000000
00000000
00000000
00002600
00000600
0000003F
00005A00
00000000
00000000
00000000
00000000
00000000
00000000
00000000
00000000
00000F00
00000000
0000000E
00001A00
00000000
00000000
00000000
00000000
00000000
00000000
00000000
00000000
00000000
00000000
00000000
00000000
00000000
00000000
00000000
00000000
00001800
00000000
00000000
00000000
00003C00
00000000
00000058
00006E00
00004E00
00000000
0000004A
00004000
00000000
00000000
00000000
00000000
00000E00
00000000
00000000
00000000
00000100
00000000
00000000
00001100
00006700
00000000
0000007F
00007F00
00000000
00000000
00000014
00000000
00000000
00000000
00000000
00000000
00000000
00000000
00000000
00000000
00000000
00000000
00000000
00000000
00000000
00000000
00000000
00000000
00000000
00000000
00000000
00000000
00000000
00000000
00000000
00000000
00000000
00000000
00000000
00000000
00000000
00000000
00000000
00000000
00000000
00000000
00000000
00000000
00000000
00000000
00000000
00000000
00001300
00000000
00000011
00000E00
00000000
00000000
00000000
00000000
00000000
00000000
00000000
00000000
00000100
00000000
00000000
00000000
00000000
00000000
00000000
00000000
00000000
00000000
00000000
00000000
00000000
00000000
00000000
00000000
00000000
00000000
00000000
00000000
00000000
00000000
00000000
00000000
00000000
00000000
00000000
00000000
00000000
00000000
00000000
00000000
00000C00
00000000
00000005
00000200
00000F00
00000000
00000004
00000400
00000100
00000000
00000000
00000000
00000000
00000000
00000000
00000000
00000000
00000000
00000000
00000000
00000000
00000000
00000000
00000000
00000000
00000000
00000000
00000000
00000000
00000000
00000000
00000000
00000F00
00000D00
00120000
00050000
00000500
00000600
000A0000
000C0000
00000002
00000000
00030000
000F0000
00000F07
00000A00
00120000
00110000
00000004
00000000
00000000
00110000
00000000
00000000
00000000
00080000
00000301
00000500
00040000
00110000
00000000
00000500
00000000
000A0000
00000000
00000000
00000000
00040000
00000500
00000800
00060000
000F0000
00000200
00000A00
00000000
00080000
1100241F
00162300
00260000
00200000
0C001A1D
00151A00
001C0000
001E0000
03001519
000B1300
00170000
001D0000
00000108
00000200
00020000
00130000
00000203
00000000
00000000
00120000
00000008
00000000
00000000
000C0000
0000041D
00001800
000A0000
00210000
0C003210
000A3E00
002B0000
00240000
13003800
00004000
00440000
00120000
00000700
00000C00
00060000
00000000
00000500
00000C00
00010000
00050000
0200170C
00031700
00190000
00160000
14002527
001C2200
00270000
00240000
0900151F
00161600
00170000
00210000
09001424
00161500
00150000
00210000
00000000
00000200
00000000
000B0000
00000A02
00001000
00070000
00130000
00000000
00000300
00000000
000A0000
00000400
00000500
00040000
000A0000
00000500
00000D00
00060000
000D0000
00000A02
00001000
00090000
00100000
00000C09
00000D00
00090000
00150000
00000100
00000D00
00000000
00120000
00000000
00000600
00000000
000D0000
00000107
00010B00
00000000
00160000
00000201
00030F00
00000000
00130000
02000B0A
000C1400
00090000
00160000
00000000
00000600
00000000
000B0000
00000001
00000400
00000000
00110000
00000303
00000900
00020000
00140000
00000000
00000000
00000000
00030000
00000002
00000400
00000000
00110000
00000000
00000000
00000000
000D0000
00000D0B
00011100
000C0000
00180000
00000000
00000C00
00000000
000E0000
00000000
00000000
00000000
00070000
00000000
00000B00
00000000
000F0000
00000000
00000000
00000000
00000000
00000802
00000B00
000D0000
00110000
00000300
00000700
00050000
000B0000
00000800
00000600
000B0000
00100000
00000200
00000500
00000000
000B0000
00000000
00000000
00000000
00000000
00000000
00000000
00000000
00020000
00000000
00000000
00000000
00000000
00000000
00000000
00000000
00000000
00000000
03000001
0100000D
0000060E
00001100
00000000
001C0000
00000000
00000000
00000000
00000000
00030000
0000001D
00000000
00000000
00000001
00000048
00000000
00000000
00130000
00000000
00000000
00000000
00000000
00000000
00000000
00000000
00060000
00000900
00000D00
00050000
00050000
00000000
00000000
00000000
00000000
01001210
00000C00
00120000
00120000
1F00560E
00003900
00550000
000A0000
18005400
00003E00
00590000
00010000
00000000
00000000
00000000
00000000
00000024
00000000
00000000
00080000
00000F00
00001B00
00020000
00120000
2A006000
00007300
00680000
000E0000
1C004D00
00005400
003B0000
00000000
00001300
00000000
00070001
0000000A
00002300
06000900
01300004
00000000
00000000
00000000
00000000
00000000
0000001B
00000000
00000000
00000003
0000001E
00000000
00000000
00090000
00001F00
00002D00
000E0000
00180000
45007F00
000F7F00
007C0000
00000000
00000400
00001B00
00000000
00000000
00000000
00000000
00000000
00000000
00000005
00000000
00000000
00040000
1B000A1C
00001A00
00150000
00310000
19004E1F
00065F00
00490000
00340000
3A005900
00076600
00630000
00290000
00001000
00001700
000F0000
00000000
00000500
00000700
00010000
00040000
10004E0F
00004600
004A0000
00200000
00002000
00001700
002E0000
00080000
00000000
00000000
00000000
00030000
00000017
00000000
00000000
00040000
46000000
00210000
00000000
00350000
2100541D
00015A00
00540000
001B0000
27000000
00090000
00000000
00220000
0000011C
00000D00
00090000
00140000
58000000
00261300
00000000
00570000
38007F2B
001D7F00
00730000
00480000
54007900
001F7F00
00700000
000B0000
00000D00
00001E00
00000000
00020000
00000000
00000600
00000000
00060000
0400141A
00091E00
00170000
00270000
16004112
00003200
00430000
000F0000
0C002E00
02001400
00350000
00000000
00000000
00000000
00010000
00000000
00000000
00000000
00000000
00010000
00000011
00000000
00000000
00080000
28000000
00040000
00000000
00330000
3700706F
002A7F00
007F0000
00490000
17000000
00020000
00000000
001F0000
00000517
00001300
000B0000
001C0000
00001F10
00002600
00190000
00210000
24003200
00003400
00440000
00240000
00001E00
00001C00
00180000
00160000
21006D00
00005E00
00670000
00020000
00000000
00000400
00040000
00070000
00001000
00001D00
000E0000
00100000
07003401
00003100
003E0000
000F0000
00000000
00000000
00000000
00000000
00000016
00000000
00000000
000F0000
00000022
00000000
00000000
00170000
0000001B
00000000
00000000
00110000
32002800
00183300
000B0000
004A0000
3B007F0F
000D7F00
007F0000
00350000
46003D00
00144D00
003C0000
00260000
00001300
00001800
000E0000
000C0000
3F000000
00110000
00000000
00480000
1D005C28
000B6700
00440000
00470000
4D007F00
00147F00
007F0000
00000000
00000000
00001700
00000000
00000000
00000000
00000100
00000000
00000000
00000000
00000000
00000000
00000000
00000000
00000300
000A0000
00040000
00000000
00000000
00000000
000B0000
00000000
00000000
00000000
00090000
00000400
00000900
00030000
00100000
00000002
00000300
00000000
00100000
00000013
00000000
00010000
00160000
0400081B
00001B00
00140000
001F0000
00001310
00031B00
00100000
00200000
0E001E00
00002200
002B0000
00190000
00000400
00000400
00050000
00050000
00000000
00000000
00000000
00000000
00000902
00000800
000D0000
000D0000
00000903
00000B00
00090000
00100000
00000000
00000000
00000000
00070000
00000500
00000400
00070000
000E0000
00000000
00000400
00000000
000A0000
00000200
00000C00
00020000
00090000
00000200
00000900
00010000
000F0000
00000000
00020C00
00000000
00110000
0C00181A
00191E00
00160000
001F0000
11001E28
001E2000
001E0000
00270000
00000A11
000B0E00
000B0000
001A0000
00000000
00000200
00000000
00070000
00000500
00000E00
00020000
000F0000
00000000
00000900
00000000
00060000
00000A02
00000D00
000A0000
00110000
00000000
00000400
00000000
000D0000
