00000000
0500050E
08000002
00000000
00050000
0500000D
00000002
00000000
00060000
0502020D
07000003
00000000
00050000
0501000D
0A000002
00000000
00060000
0401000D
01000002
00000000
00050000
0500000E
08000002
00000000
00040000
0400000E
03000002
00000000
00040000
0500000E
02000002
00000000
00030000
0500000E
08000002
00000000
00050000
0400000D
00000002
00000000
00060000
0401000D
05000002
00000000
00060000
0401000D
04000002
00000000
00060000
0501000D
08000002
00000000
00050000
0502000D
02000002
00000000
00050000
0502000D
02000003
00000000
00050000
0600000D
06000002
00000000
00030000
0600000C
02000002
05000000
00030000
0600000D
02000002
09000000
00000000
0400050F
09000001
00000000
00000000
0500090F
0F000002
00000000
00000000
0600040E
02000002
00000000
00050000
0501020D
02000003
00000000
00060000
0503040D
03000003
00000000
00060000
0502010D
06000003
00000000
00050000
0501000D
09000002
00000000
00060000
0401000D
04000002
00000000
00060000
0401000D
05000002
00000000
00060000
0401000D
01000002
00000000
00050000
0401000E
05000002
00000000
00030000
0400000F
05000002
00000000
00050000
0400000D
01000002
00000000
00060000
0401000D
05000002
00000000
00060000
0500000D
05000002
00000000
00050000
0500000D
03000002
00000000
00050000
0500000E
06000002
00000000
00040000
0500000D
03000002
00000000
00030000
0500000D
04000002
00000000
00050000
0500000D
03000002
00000000
00050000
0500000D
04000002
00000000
00040000
0500000D
02000002
00000000
00040000
0500000D
03000002
00000000
00030000
0500000D
04000002
00000000
00050000
0500000D
00000002
00000000
00060000
0500000D
06000002
00000000
00050000
0500000D
01000002
00000000
00040000
0500000D
03000002
00000000
00020000
0500000F
05000002
00000000
00020000
0400000F
01000002
00000000
00030000
0500000E
07000002
00000000
00050000
0401000D
00000002
00000000
00060000
0502000D
05000003
00000000
00040000
0503000E
07000003
00000000
00020000
0306000E
00000003
00000000
00000000
0208010F
02000004
00000000
00050000
010A000D
02000004
00000000
00050000
000E010E
01000005
00000000
00050000
0011000E
01000005
00000000
00000000
0017000E
00000206
00000000
00000000
0019060F
00000407
00000000
00000000
00050009
00000605
07000000
00000400
00000005
00000300
18020008
00000900
0000000C
00000000
21020000
00000900
00000714
1D020000
00000000
00000D00
00000710
210E0000
00030000
00000700
0000020F
000A0000
00020000
00000000
0100030D
0A000001
00000000
00000000
0000040D
00000001
00000000
00000000
000A0A0F
00000004
00000000
00000000
000C080E
00000005
00000000
00030000
02000008
00000404
06000003
00000200
01000009
00000001
18010004
00000000
0000020F
0F000000
00000000
00000400
00000812
23040000
00000000
00000000
0001020F
10010003
00000000
00000000
000E010C
00000106
00000000
00000000
00190B0D
00000507
00000000
00060000
00070008
00000705
09000000
00000100
00000008
00000201
16000004
00000200
0000000D
00000000
13000000
02000200
00000111
1B000000
00000000
00000600
00000912
20080001
00020000
00000000
0600000D
12000003
00000002
00050000
0304000D
00000003
00000000
00050000
0502000C
09000003
08000000
00020000
0600000B
02000002
0E000001
00000000
0204050F
00000002
05000000
00000000
04000B11
1A010002
00000000
00000000
0600000D
04000002
00000000
00050000
0205000D
00000003
00000000
00000000
000E0A0F
00000004
00000000
00000000
0109090E
09000004
00000000
00030000
05000009
11000204
07000003
00040000
0103000C
00000002
12000000
00000000
05000610
1A000002
00000000
00000000
03000310
00000001
00000000
00000000
0700000C
0E000002
00000001
00000000
0500000B
00000001
0B010001
00010300
0000000B
00000000
10000000
01000300
00000111
0D000000
00000000
00000400
00000911
1E080001
00020000
00000000
0600000E
00000001
00000000
00020000
0600000B
02000003
02000001
00000000
0206060D
09000003
03000000
00000000
0008090F
0B000003
00000000
00000000
000B090F
08000005
00000000
00000000
000F040D
00000206
00000000
00070000
000F020C
00000306
04000000
00050000
0007000B
00000104
0E000000
00020000
0203000D
14000003
0E000000
00000000
03050811
00000002
03000000
00000000
0600000D
0B000002
02000000
00000000
0500000C
00000001
0A000000
00000000
0300020E
0C000001
01000000
00000000
03000A10
17000001
00000000
00000000
0100020B
00000002
00000000
00000000
00080B13
00000002
00000000
00000000
0304000D
1E000004
00000000
00060000
000B000B
02000105
03000000
00000000
00130C11
00000005
03000000
00010000
0304000C
17000004
00000000
00030000
0400000B
01000003
0B000000
00020000
0400000D
00000001
0C000000
00030000
0300000D
00000001
0A000000
00030000
0000000D
07000000
00000000
00000200
00000310
00010000
00000000
00000000
0200060F
17030002
00000000
00000000
0500000B
00000000
01010001
00000400
0000000B
00000000
16020001
05000200
0000000E
00000000
00000000
00000800
00010D14
2D0B0000
00030000
00000000
0300000C
10000004
00000000
00040000
000B000A
00000305
00000000
00080000
0011010D
00000105
08000000
00050000
0010030F
04000005
01000000
00060000
000C000D
07000005
00000000
00060000
010A000E
0A000004
00000000
00060000
0209000D
00000004
00000000
00060000
0405000D
09000003
02000000
00040000
0502000D
05000003
05000000
00040000
0600000D
07000002
07000000
00030000
0500020E
03000002
01000000
00000000
0500080F
0F000002
00000000
00000000
0600030E
00000002
00000000
00050000
0600000D
01000002
00000000
00050000
0500000E
07000002
00000000
00050000
0400000D
00000002
00000000
00050000
0500000E
08000002
00000000
00020000
0500000F
03000002
00000000
00040000
0400000E
00000002
00000000
00020000
0500000F
06000002
00000000
00030000
0500000D
05000002
00000000
00060000
0500000D
04000002
00000000
00060000
0500000D
07000002
00000000
00050000
0500000D
06000002
00000000
00040000
0500000D
07000002
00000000
00030000
0500000D
05000002
00000000
00050000
0500000E
00000001
00000000
00050000
0500000E
05000002
00000000
00030000
0500000E
00000002
00000000
00030000
0500000D
04000002
00000000
00000000
00000000
00020000
07000000
00020000
00000000
00020000
00080100
04020003
00000000
00020000
050A0100
04020003
00000000
00020000
04090100
02020002
00000000
00020000
000A0100
01040002
00000000
00020000
06080100
00010001
00000000
00020000
000A0100
00010001
00000000
00020000
00090100
00010001
00000000
00020000
03060100
00010001
00000000
00020000
000A0100
03020001
00000000
00020000
010A0100
04020001
00000000
00020000
020A0100
05020002
00000000
00020000
05090100
04010002
00000000
00020000
000A0100
04010002
00000000
00020000
000A0100
00030001
00000000
00020000
06070100
000A0000
00000000
00020000
0D010200
000A0000
00000000
00020000
10030200
00000000
00000000
00020005
00070300
00000000
00000000
00010005
09000000
00000000
00000000
00020000
03000000
00020001
00000000
00020000
02070100
02030003
00000000
00020000
030B0100
05030002
00000000
00020000
050A0100
05020002
00000000
00020000
05090100
04020002
00000000
00020000
020A0100
03020002
00000000
00020000
010A0100
01020001
00000000
00020000
000A0100
00020001
00000000
00020000
010A0100
00000001
00000000
00020000
00090100
00010001
00000000
00020000
000A0100
03020001
00000000
00020000
010A0100
02040002
00000000
00020000
06090100
01040002
00000000
00020000
06090100
00040002
00000000
00020000
06080100
00020001
00000000
00020000
01080100
02020001
00000000
00020000
03060100
03030002
00000000
00020000
06060100
01040002
00000000
00020000
05080100
00020001
00000000
00020000
00080100
00020001
00000000
00020000
00080100
02020002
00000000
00020000
06050100
00030001
00000000
00020000
04080100
04040002
00000000
00020000
06080100
02030002
00000000
00020000
03080100
00020001
00000000
00020000
00080100
00000001
00000000
00020000
01050100
00000001
00000000
00020000
00060100
00000001
00000000
00020000
01070100
00000001
00000000
00020000
000B0100
05010002
00000000
00020000
010A0100
03000002
00000000
00020000
000A0100
00000001
00000000
00020000
000B0100
00000001
00000000
00020000
00070000
03000000
00000000
00020000
000D0000
02000000
00000000
00020000
00120100
03000000
00000000
00010000
00150100
00000000
00000000
00010000
00140000
00000000
00000000
00010000
000A0000
000C0000
00000100
00000000
00000000
00260000
00000500
00000300
06000300
00170000
00000000
00000200
00000300
00000000
00000000
00020411
00020300
00000000
00000000
00000800
15000000
00000000
00000002
00010400
00000000
00000000
00000000
00010000
0C000000
00000000
00000000
00020000
00000000
01000000
00000000
00010002
00000000
00000000
00000000
00010000
00000000
00150000
00000100
00000000
09000200
001B0000
00000200
00000000
0C000200
00000000
00000000
00030005
00030300
00000000
00000000
0000041C
00000000
03000000
00000000
00000007
11000000
00000000
00000000
00010000
00000000
00000000
00000000
00010000
000B0000
00120000
00000200
00000000
00000100
001E0000
00000300
00000000
06000200
000F0000
00000000
00010000
00000200
00000000
00000000
00010012
00020400
00000000
00000000
00000514
04000000
01000000
00000002
00000003
19000000
00000000
00000000
00020000
000C0100
000C0000
00000000
00010000
0C010200
000F0000
00000000
00010000
13000300
00000000
00000000
00020000
000E0300
00000000
00000000
0001000C
07000000
00000000
00000000
00020000
02000000
00000000
00000000
00020000
000D0200
00000000
00000000
00020000
000F0100
01000000
00000000
00010000
03000000
00140000
00000100
00000000
1B000200
000B0000
00000000
00010000
00030200
00000000
00000000
00020004
03070200
00000000
00000000
00020003
00000000
00040000
00000000
00010000
1C000000
00100000
00000100
00000000
06000200
000F0000
00000000
00010000
0B000300
00000000
00000000
00020216
00040200
00000000
00000000
0000040C
15000000
00000000
00000004
00010001
00000000
000D0000
00000000
00010000
0E000200
00000000
00000000
00020000
000D0300
00000000
00000000
00010005
00000000
04000000
00000000
00010000
00000000
02000000
00000000
00010000
00000000
00040000
00000000
00010000
000C0100
000E0000
00000000
00010000
00000200
000E0000
00000000
00010000
10000200
00000000
00000000
00020000
00120200
00060000
00000000
00020000
18000000
000D0000
00000000
00010000
0E000300
00020000
00000000
00020002
00070300
00000000
00000000
00010006
0C000000
03000000
00000000
00020000
02000000
00000000
00000000
00020004
00000000
03000000
00000000
00000000
14000000
00070000
00000000
00010000
00060100
00000001
00000000
00020000
001C0100
00080000
00000000
00010000
13000000
000F0000
00000000
00010000
0B000200
000A0000
00000000
00010000
07000200
000B0000
00000000
00020000
0B010300
00060000
00000000
00020000
00090400
00000000
00000000
0002010A
00000000
00000000
00000000
00000001
22000000
000D0000
00000000
00010000
01000200
00140000
00000000
00000000
0C000300
00000000
00000000
0002010E
00070400
00000000
00000000
0000081E
06000000
00000000
00000005
00000005
0F000000
00000000
00000000
00010000
00030000
00050000
00000000
00010000
00120100
00010000
00000000
00010000
00150200
00020000
00000000
00020000
00120100
00030000
00000000
00020000
00100100
00020001
00000000
00020000
00100100
00060000
00000000
00020000
080A0200
00070002
00000000
00020000
08090200
00090001
00000000
00020000
10050200
01020002
00000000
00020000
000A0200
00000003
00000000
00020002
05000000
00000001
00000000
00020000
01000000
00020001
00000000
00020000
00080100
00040003
00000000
00020000
06080100
00030001
00000000
00020000
000A0100
01030001
00000000
00020000
05080100
00000001
00000000
00020000
00070100
00010001
00000000
00020000
00090100
00000001
00000000
00020000
00060100
00020001
00000000
00020000
04060100
01040001
00000000
00020000
06090100
04050002
00000000
00020000
09080200
05040002
00000000
00020000
08080100
03020002
00000000
00020000
04080100
00010002
00000000
00020000
04050100
00020001
00000000
00020000
00090100
00040001
00000000
00020000
05080100
00010001
00000000
00020000
00090100
01020001
00000000
00020000
06050100
00000000
00020000
06000000
01070000
00000000
00040000
07000000
02060000
00000000
00070000
07020000
01060000
00000000
00070000
06010000
01070000
00000000
00060000
06000000
02060000
00000000
00050000
05000000
03080000
00000000
00050000
05000000
03080000
00000000
00050000
05000000
03080000
00000000
00040000
05000000
03080000
00000000
00050000
06000000
03070000
00000000
00060000
06000000
03070000
00000000
00070000
06020000
01050000
00000000
00070000
07020000
01060000
00000000
00070000
07020000
01050000
00000000
00070000
07030000
01050000
00000000
00050000
06020000
01070000
00000000
00050000
06030000
01050000
00000000
00050000
07020000
02050000
00000000
00090000
07010000
01050000
00000000
00000200
08000000
00080000
00000000
00000600
07000000
00060000
00000000
00050000
07030000
01050000
00000000
00070000
07030000
01050000
00000000
00070000
07030000
01050000
00000000
00070000
07020000
01060000
00000000
00070000
06020000
01060000
00000000
00060000
06000000
02070000
00000000
00060000
05000000
03070000
00000000
00050000
05000000
03090000
00000000
00050000
05000000
03080000
00000000
00050000
06000000
03070000
00000000
00060000
06010000
02070000
00000000
00070000
06010000
01060000
00000000
00070000
06010000
02060000
00000000
00060000
06000000
02080000
00000000
00060000
05000000
03070000
00000000
00060000
06000000
03070000
00000000
00050000
07020000
02060000
00000000
00070000
06010000
02070000
00000000
00060000
06000000
02070000
00000000
00060000
06000000
03070000
00000000
00050000
06010000
02070000
00000000
00070000
06020000
01060000
00000000
00070000
06010000
02060000
00000000
00060000
06000000
02070000
00000000
00050000
05000000
03070000
00000000
00030000
05000000
04090000
00000000
00030000
05000000
04090000
00000000
00040000
05000000
04090000
00000000
00050000
06000000
03070000
00000000
00060000
07010000
02070000
00000000
00070000
06010000
02070000
00000000
00060000
06000000
03070000
00000000
00030000
07000000
03070000
00000000
01050000
08000000
03070000
00000000
02060000
07000000
03070000
00000000
03070000
07000000
04040000
00000000
04080000
08000000
02030000
00000000
05050000
07000000
00070000
00000000
06060000
06000000
00000000
00000000
00000000
04000000
00000000
00000000
00000000
00000000
02000000
00000000
00010000
03000000
020D0000
00000000
00000300
04000000
000B0000
00000000
00000800
06000000
000A0000
00000000
00000800
07000000
00070000
00000000
00060000
08000000
01020000
00000000
00050000
0A000000
00010000
00000000
03000300
08000000
00070000
00000000
04010800
06010000
00000000
00000000
00000000
05000000
00000000
00000000
00010000
04000000
04030000
00000000
00000000
09000000
00050000
00000000
00000C00
0A000000
00080000
00000000
02000000
08000000
00050000
00000000
07040000
08000000
00050000
00000000
06010000
07000000
00000000
00000000
00000000
06000000
00000000
00000000
00000000
03000000
02050000
00000000
00080000
06000000
04050000
00000000
00000000
0A000000
00080000
00000000
00001E00
09000000
000A0000
00000000
00040000
07000000
00050000
00000000
02050000
07040000
01050000
00000000
00040000
06030000
01030000
00000000
00090000
07000000
02040000
00000000
00000000
07000000
000B0000
00000000
00000D00
07000000
00080000
00000000
00050000
06000000
04070000
00000000
010B0000
08000000
02030000
00000000
03000300
08000000
00070000
00000000
03000700
06020000
00030000
00000000
00020000
06000000
01030000
00000000
00050000
05000000
030A0000
00000000
00020000
07000000
02070000
00000000
00000B00
07000000
01070000
00000000
00060300
06030000
01000000
00000000
00030000
04000000
02000000
00000000
000C0000
07000000
03030000
00000000
00000C00
09000000
000D0000
00000000
00001C00
07000000
00090000
00000000
00010700
07000000
02060000
00000000
00080000
07010000
02030000
00000000
00080000
08000000
01030000
00000000
01000000
0A000000
00080000
00000000
05000000
08000000
00060000
00000000
05040000
07000000
02050000
00000000
02000000
06000000
02030000
00000000
00000000
05000000
02080000
00000000
00060000
05000000
02090000
00000000
00000300
06000000
02070000
00000000
00050000
05010000
02050000
00000000
00090000
06030000
01050000
00000000
00000000
08000000
00080000
00000000
00040000
07000000
01020000
00000000
00030000
08000000
01080000
00000000
02001200
07000000
00080000
00000000
03000000
07000000
03060000
00000000
00060000
07000000
03090000
00000000
02020100
06020000
01050000
00000000
00020000
06000000
02050000
00000000
00040000
05000000
01060000
00000000
00060000
05030000
00050000
00000000
00070000
05010000
02040000
00000000
00050000
08000000
01040000
00000000
00001500
08000000
000A0000
00000000
00040C00
05000000
00020000
00000000
00020000
04000000
02000000
00000000
000D0000
06000000
06000000
00000000
00000000
0B000000
00080000
02000000
00002500
0A000000
000B0000
00000000
04000200
08000000
00040000
00000000
03010000
07000000
03060000
00000000
01020000
06000000
02090000
00000000
01040000
06000000
04070000
00000000
01040000
06000000
04080000
00000000
00060000
06000000
03060000
00000000
00050000
06020000
02060000
00000000
00050000
07010000
01060000
00000000
00050000
07030000
01050000
00000000
00080000
07030000
01060000
00000000
00030000
06000000
00090000
00000000
00030100
06000000
01060000
00000000
00040000
07000000
03060000
00000000
00060000
06000000
02080000
00000000
00050000
05000000
03070000
00000000
00050000
05000000
04090000
00000000
00050000
05000000
03090000
00000000
00040000
05000000
04080000
00000000
00030000
05000000
04090000
00000000
00040000
06000000
03070000
00000000
00060000
06010000
02070000
00000000
00070000
07030000
01060000
00000000
00070000
07030000
01050000
00000000
00070000
06020000
01060000
00000000
00050000
05000000
02080000
00000000
00050000
05000000
03070000
00000000
00040000
05000000
04090000
00000000
00050000
05000000
03070000
00000000
00050000
06010000
03070000
00020000
00000005
00020000
02000300
00020000
00000000
00000000
06000300
00020000
00000000
00100000
08000500
00020000
00000000
000F0000
08000300
00020000
00000000
00030000
08000300
00020000
00000000
000D0000
07000300
00020000
00000000
00030000
07000300
00020000
00000000
00070000
08000300
00020000
00000000
000A0000
07000300
00020000
00000000
00020000
08000300
00020000
00000000
000B0000
08000300
00020000
00000000
00080000
08000300
00020000
00000000
000D0000
08000400
00020000
00000000
00070000
08000400
00020000
00000000
00080000
09000400
00020000
00000000
00090000
06000400
00020000
00040000
00040000
00000405
00020200
00050000
000C0000
00000402
00020100
00000005
000F0000
03000300
00020000
0000000E
000A0000
00020100
00020000
00000003
00000000
00000200
00020000
00000000
00080000
06000500
00020000
00000000
00090000
08000400
00020000
00000000
000D0000
08000500
00020000
00000000
000E0000
08000400
00020000
00000000
00080000
08000300
00020000
00000000
00090000
08000300
00020000
00000000
00040000
08000300
00020000
00000000
000A0000
08000300
00020000
00000000
00040000
07000200
00020000
00000000
00040000
08000300
00020000
00000000
000C0000
08000300
00020000
00000000
00080000
07000300
00020000
00000000
00080000
06000300
00020000
00000000
000A0000
06000300
00020000
00000000
00020000
06000300
00010000
00000000
00060000
06000300
00010000
00000000
00070000
05000300
00020000
00000000
00070000
05000300
00010000
00000000
00000000
06000300
00010000
00000000
00040000
06000300
00010000
00000000
00050000
03000300
00010000
00000000
00000000
05000300
00010000
00000000
000B0000
06000300
00010000
00000000
00010000
05000300
00010000
00000000
00030000
06000300
00020000
00000000
00050000
05000200
00020000
00000000
00000000
06000200
00020000
00000000
00080000
07000200
00020000
00000000
00020000
08000300
00020000
00000000
00100000
09000500
00020000
00000000
000D0000
09000400
00020000
00000000
00050000
0A010300
00020000
00000000
000B0000
09020300
00020000
00000000
00100000
0B020400
00020000
00000000
000F0000
0D040400
00020100
00000000
00100001
0E050100
00030200
00000000
00100005
0F0A0000
02030000
0000000D
00000006
080C0000
05020000
00090005
00000000
00000000
07020600
00180000
00000000
0000001C
04011200
00140000
00000000
00000000
01010700
0000000D
000D0000
00000000
03000000
00010013
08000000
00000000
01000000
0000000B
05000000
00000000
00010000
00000006
00000000
00000002
00020100
00000004
00000000
02020000
00020200
0000000F
00050000
030C0000
01020000
00000014
00000001
000A0000
03030000
000D0000
00000000
0000000E
03020500
00110000
00000000
0000000C
00010500
00000002
00090000
00000000
00010200
0000001F
080C0000
00060000
00010000
00000014
0D000000
000B0000
00020000
00000005
00000001
000A0000
02030000
00000011
00000005
070A0000
04020000
00090000
00000000
00000001
05020100
00110000
00000000
0000000E
01010700
000A0000
00000000
00000000
00010600
0002000B
00100000
00000000
01010000
00000024
0F000000
00080000
00010000
0000000B
09080000
00020005
00020000
00000000
00000000
04000300
00020000
00030000
000F0000
00000403
00020200
00090000
000A0000
00000307
00020400
00000007
00090000
04000000
00020000
00000018
03140000
00050000
00020000
00000004
00000000
00000003
00020000
00000000
00030000
09000300
00020600
00000009
000B0001
0D090100
00020000
0000000D
00020000
00040000
01030000
000A0000
001C0000
0000010E
00020300
00050000
00000000
00000000
00020000
00000006
00220000
04000000
00020000
0000000B
00000000
00010200
00020000
00020000
001B0000
00000209
00020700
000C0000
00000000
0000020E
01010900
000D0000
00000000
00000002
00010900
00020010
00000000
00000000
01000000
00000023
10000000
00070000
00020000
00000006
05000000
00000004
00020000
00080000
000B0000
0000030C
00020100
00000001
00170000
08000200
00020500
0000000D
00130000
07090000
00020000
0000000E
000B0000
000B0000
00020000
00000004
00050000
05050000
01030000
00020000
00020000
03010100
01030000
00060000
00000000
00000000
00020000
00040000
001B0000
00000000
00020500
0000000C
00000000
05000100
00020000
00020000
00120000
00000404
00020400
000A0000
00040000
00000408
00020000
00000001
000D0000
00000200
00020000
00000010
010E0000
00000000
00010000
00000000
00000000
00000000
00020600
00000019
00000000
000B0000
00020000
00000009
020F0000
00040001
00030000
00040000
00190000
01000200
00020300
0000000E
00050001
0B050200
00020000
00020000
00150000
00000303
00020000
00070000
000C0000
00000305
00020200
00040000
00000000
00000200
00020300
00060000
00030000
00000302
00000000
00000000
00050000
00000000
00010200
00000012
00000000
00020000
00010000
00000016
070B0000
00000004
00020400
000F0000
00000000
00000011
02010D00
00110000
00000000
00000006
00010C00
0006000A
00000000
00000000
02010000
00000032
19010000
000E0001
00010000
0000000C
10000000
00060000
00030000
00020000
00000000
00020000
01030000
00000000
00090000
06010200
00020000
00000004
00110000
09010100
00020000
00000000
00120000
0A000300
00020000
00000000
00170000
09000400
00020000
00000000
000A0000
09000400
00020000
00000000
00140000
06000400
00020000
00000000
000A0000
03000300
00020000
00020000
000D0000
01000400
00020000
00000000
000D0000
05000400
00020000
00000008
00110000
00000400
00010000
00000002
00000000
01000200
00020000
00000000
00070000
06000400
00020000
00000000
000A0000
06000300
00020000
00000000
00000000
06000300
00020000
00000000
000E0000
06000200
00020000
00000000
00000000
06000200
00020000
00000000
00000000
06000200
00020000
00000000
00070000
06000200
00020000
00000000
00050000
06000300
00020000
00000000
00090000
06000300
00020000
00000000
000C0000
06000400
00020000
00000000
000A0000
06000400
00020000
00000000
000A0000
06000300
00010000
00000000
00040000
05000300
00010000
00000000
00000000
05000200
00020000
00000000
000A0000
05000200
00020000
00000000
00000000
06000200
00010000
00000000
00060000
03000300
