00020000
0D000415
0C000005
0200000E
00050000
0E00000C
0400000C
0100000A
00080000
0E000311
0B00000C
01000005
00050000
0C040317
11000110
01000011
00070000
0A050113
0600010E
01000003
00060000
0A040516
0D00010D
01000003
00050000
09050318
0900000E
0100000D
00050000
0C020012
0600010E
01000004
00030000
0D020019
0E00010F
01000011
00050000
0A040214
0400000E
01000007
00080000
08040710
0900000C
01000000
00080000
06090916
0A00000C
01000008
00080000
08060917
0E00000D
01000008
00060000
09080615
0700000D
01000008
00060000
09050212
0600000D
01000001
00060000
0B070016
0C00000E
0100000D
00030000
0C070015
0600000D
0700000D
00040000
0C050516
0500000B
0C000000
00020000
09050419
0E000008
01000002
00020000
0D01011D
1600000D
01000001
00020000
0E020017
0700000D
03000000
00060000
0B030110
0500000C
02000000
00080000
08080A14
0800000E
01000003
00080000
08090916
0C00000E
01000008
00050000
09070817
1000000D
0100000A
00070000
07070916
0A00000B
02000005
00080000
08040813
0A00000C
02000002
00080000
08070515
0600000C
01000006
00060000
09050517
0A00010D
01000004
00040000
09050419
0B00000E
0100000A
00060000
08040412
0500010C
02000000
00080000
07050613
0A00000C
01000004
00080000
09060516
0B00000D
0100000E
00050000
0A060616
0900000B
01000008
00050000
0A050718
0C00000C
0100000A
00040000
09070916
0900000B
02000008
00030000
09040912
0900000B
01000003
00050000
08080A16
0800000B
01000008
00050000
09060A16
0900000B
02000008
00050000
09050515
0700000D
01000006
00050000
0B030412
0700000D
01000005
00030000
0B040316
0900000F
01000010
00050000
0A050415
0400000D
01000007
00080000
0A040714
0B00000C
01000004
00060000
09050616
0600000E
0100000C
00050000
0A030713
0800000C
01000003
00020000
0A040618
0A00010D
02000009
00020000
09050717
0600000B
02000003
00040000
0A030714
0B00000A
02000001
00060000
08050514
0400000E
02000006
00080000
0B020411
0900020D
01000004
00050000
0B080417
0D00020F
0100000D
00020000
090B0516
0400020D
01000006
00020000
070B0717
0600020D
01000002
00060000
050F0816
0700020E
01000007
00070000
04130814
0600030F
01000002
00070000
02180615
0700040A
01000101
00040000
00240117
07000403
01000704
00050000
0127001B
02000009
00000A00
00050000
020A0017
02000010
07000600
00030000
03000009
02000007
1C000000
00020300
04000004
02000002
26000000
00010400
05000018
21000000
00000003
00020B00
0500001B
2D0E0005
00000000
00020500
05030115
040A000B
02000000
00020000
05040A11
0D00000B
02000000
00020000
000A1016
04000008
02000000
00020000
00131214
0100000E
01000000
00030000
00150417
0300000E
01000001
00040000
0402000C
0100000D
08000000
00020000
0501000A
01000007
1E000000
00010000
05010310
12000003
00000002
00020000
0700001E
2E020007
00000000
00020000
0403001D
1800000D
02000000
00030000
01190314
01000011
01000100
00040000
00210813
02000009
00000604
000A0000
03090010
0300000D
0B000600
00020000
0500000D
02000008
1B000002
00010000
0500000A
02000002
17000000
00020000
05000012
21000002
00000000
00030100
0A00001E
2C080008
00000000
00030000
11000017
18000011
02000100
00070000
0C060014
01000014
02000300
00060000
0C050013
0B000011
0B000001
00020000
0C040013
03000013
12000005
00020000
07060017
01000008
05000000
00030000
0E000025
2100000D
00000000
00020000
10010018
0A000011
02000000
00070000
0902000B
01000011
01000000
00030000
05120012
01000012
01000101
00020000
060C0019
0D00000F
0000000C
00050000
0D020017
15000011
0B000002
00040000
07050014
0300000C
18000000
00020000
09020A0E
1A000007
01000000
00020000
06040617
0100000A
01000001
00020000
0D050314
0C000010
01000000
00020000
09040316
0300000D
0F000005
00020000
04020509
0100000F
13000000
00020000
06000016
10000006
00000000
00030000
0900001E
2707000A
00000000
00030000
0F010015
0300000D
02000100
00020000
0E030010
02000012
04000100
00020000
050E0C18
0F00000E
05000000
00020000
01121219
1200000B
02000001
00020000
00141519
0D00000C
02000005
00020000
00180E14
0400000D
02000003
000A0000
0212020D
03000010
06000302
00070000
030B0012
0200000D
12000006
00030000
06040010
14000010
13000000
00020000
050B0A17
0100000A
04000000
00020000
0A04001A
0C000010
04000000
00020000
0B040016
03000010
0D000004
00020000
0A010013
1000000C
01000002
00020000
0902071E
1F00000E
01000003
01030000
0701000F
01000013
01000003
00020000
06000116
0100000B
00000002
00020000
0A00001C
28000010
01000103
00080000
060F0011
03000015
05000000
00030000
05100214
0100000F
03000000
00020000
0903001D
20000012
01000004
00040000
0A050018
04000012
10000002
00030000
09040912
0300000C
11000001
00040000
06030615
03000009
0E000004
01040000
05020010
0A00000C
00000000
00020000
07000019
01000009
00000000
00030000
0A00001D
1A010011
00000000
00030000
0D030013
03000012
03000000
00030000
0501000C
0200000F
1B000000
05030000
0700000A
02000007
00000000
00050200
0C000021
3A0B0009
00000000
00040000
0F00001C
17000014
01000200
00060000
0B090014
03000019
02000200
000A0000
060E0010
01000013
0B000000
00070000
04190517
0A000310
03000002
00080000
04150617
0E000210
01000003
00080000
05110717
1100030F
02000007
00080000
05100514
0400000D
01000004
00080000
080B0515
0F00000E
04000001
00040000
080C0817
0A00000E
08000009
00050000
0A070A17
0C00000E
0B000000
00040000
0A070517
0700000C
02000004
00020000
0C02091C
1400000F
01000005
00020000
0D020316
0400000F
02000008
00060000
0D01010A
0200000C
01000000
00060000
0B020716
0C00010E
0200000A
00060000
09040115
0400000E
01000008
00070000
0B030417
0D00000E
01000005
00020000
0A03031A
0900000F
0100000E
00050000
0A03030F
0300000D
01000000
00030000
09040617
0B00010B
01000004
00040000
08070816
0B00000C
0200000A
00070000
08060A14
0900000B
01000002
00070000
09070A16
0D00000B
01000007
00050000
09070916
0C00000B
01000007
00040000
0A060817
0D00000C
01000008
00030000
0A040616
0A00000D
0100000B
00060000
09030513
0400000A
02000000
00060000
0A040714
0900000C
02000003
00040000
09050117
0400000B
01000008
00040000
0A050413
0900000A
01000005
01050000
00000000
00050000
0A020D00
01070000
00000000
00060000
020A0D00
01060001
00000000
00070000
05111100
02060005
00000000
00060000
070E1000
01060002
00000000
00070000
010F0F00
01080004
00000000
00070000
080E0F00
01050004
00000000
00070000
020F0F00
01050001
00000000
00070000
010E1000
01050003
00000000
00060000
050A1100
01050002
00000000
00070000
020F0E00
01060003
00000000
00070000
02100F00
05060004
00000000
00060000
050F0E00
05050005
00000000
00070000
080E0E00
04050005
00000000
00070000
020F0E00
02050003
00000000
00070000
01100F00
01070004
00000000
00060000
0A0C0F00
01100002
00000000
00070000
13050F00
010F0002
00000000
00090000
16090E00
01020001
00000000
00070004
020D1100
01030000
00000000
00050003
0C051100
01040000
00000000
00080000
03050E00
01060000
00000000
00090000
020F0F00
02070006
00000000
00070000
06110F00
06070005
00000000
00060000
090F0E00
05050005
00000000
00070000
080E0E00
05050005
00000000
00070000
050F0E00
01050005
00000000
00070000
03100E00
01060004
00000000
00070000
020F0E00
01050004
00000000
00070000
030F0E00
01040004
00000000
00070000
020E0E00
01050003
00000000
00080000
02100E00
01060004
00000000
00070000
030F0F00
02090005
00000000
00060000
0B0E0F00
01080004
00000000
00060000
0A0E0F00
01080005
00000000
00070000
0A0D0F00
01050003
00000000
00070000
030D0E00
01050003
00000000
00070000
060B0E00
03070005
00000000
00060000
0A0A0E00
01080005
00000000
00070000
080D0E00
01050003
00000000
00070000
010D0E00
01060002
00000000
00070000
020D0F00
01060004
00000000
00060000
0A090F00
01070002
00000000
00070000
070D0F00
01080004
00000000
00070000
090D0F00
02070005
00000000
00070000
060C0E00
01050003
00000000
00070000
020D0E00
01040004
00000000
00070000
03090E00
01040003
00000000
00070000
020A0D00
01030003
00000000
00070000
020D0F00
01040003
00000000
00070000
02110E00
01050003
00000000
00070000
02101000
01040005
00000000
00060000
020F0F00
01040002
00000000
00070000
02100E00
01030004
00000000
00070000
020C0D00
01030003
00000000
00070000
02130D00
01030004
00000000
00070000
02190E00
00010002
00000000
00070000
011B0A00
00000000
00000001
000A0000
01180300
00000000
00000606
000E0500
000B0000
000F0000
00020C06
010D0800
00000000
00320000
00011001
020B1000
09000000
001F0000
00000D00
01081900
06000000
00030000
00000100
00050D11
03010500
00010000
00000000
00070E00
1C010B00
01030000
00000000
00080100
02060F00
01030000
00000000
00080000
0F0A0C00
01030000
00000000
00070000
02030500
01030000
00000000
00050000
02010200
01030000
00000200
00040000
02010300
011D0001
00000400
00070200
0C010700
00250002
00000700
00080800
12030700
01030002
00000100
00090503
03050C00
01020000
00000000
00040120
02010F00
01030000
00000000
00050006
15060F00
00020000
00000000
00080000
01040400
00010000
00000502
00090000
010E0000
00170000
00001006
000A0700
01010000
002A0000
00001102
02080900
09010100
00160001
00000500
00070E00
04010400
00020000
00000000
00050713
02030C00
00020000
00000000
00030017
03031200
00030000
00000007
00090000
1D0D1600
00040000
00000106
00100000
011A1100
00130000
00000000
00080000
0C0B1000
01170004
00000301
00070200
19070F00
00020000
00000000
00070000
01161100
01020000
00000000
0004000C
05061300
01050000
00000002
00090000
02050F00
01040000
00000000
000C0000
01181000
00030000
00000100
00080000
02160C00
00030000
00000200
00050000
04010C00
011D0000
00000402
00070000
20050F00
01120001
00000100
00080100
02070D00
01040001
00000000
00090001
02141000
01040001
00000000
00070000
02050C00
01080003
00000000
00080000
1D0C1000
01180002
00000000
00050000
05030E00
01160002
00000000
000B0800
0C090C00
01020000
00000000
00070019
02071100
01020000
00000000
0005000D
1A071600
00040000
0000000A
000A0000
020A1300
01140000
00000000
000C0000
0E0D1200
01030001
00000000
00080000
02150F00
01030000
00000000
00050003
03020800
01030000
00000000
00050000
02020500
01030000
00000000
00050000
02020400
00080000
00000500
00080100
01120700
01140000
00000100
00050000
02010B00
01150000
00000500
00080200
13090D00
01040000
00000000
00080000
011A0E00
010A0000
00000000
000B0000
19090F00
01140001
00000000
00080000
11051000
01060000
00000200
00070000
020D1100
01040000
00000000
00050004
0F060D00
00040000
00000100
000A0600
02050800
00040000
00000100
00060002
02040C00
01030000
00000103
00040000
19010E00
010C0000
00000200
000A0200
010F0E00
00030000
00000100
00090000
01270F00
010D0000
00000001
00060000
17030F00
01170001
00000301
00060000
0E040E00
01100002
00000000
00060000
09050C00
01120001
00000000
00070000
10040E00
010A0001
00000300
000A0600
03110F00
00030000
00000000
0007000A
02030F00
01030000
00000000
00060000
28071300
00140000
00000001
00090000
02050F00
001C0000
00000000
000E0900
0C0C0A00
00010000
00000000
000B0A0E
010B0D00
00000000
00000000
00080023
05021400
00020000
00000010
00090004
11091900
00040000
00000002
000D0000
010E1100
010A0000
00000000
000A0000
011C1000
01050004
00000000
00060000
031C0E00
01050004
00000000
00070000
02190E00
01070004
00000000
00070000
02170E00
01050004
00000000
00070000
02160E00
010A0003
00000000
00070000
0C111000
010C0005
00000000
00070000
0D0E0F00
010E0003
00000000
00080000
150C0F00
01050004
00000000
00070000
02101000
01030004
00000000
00070000
06051000
01040000
00000000
00080000
02050D00
01060000
00000000
00090000
02101000
01090006
00000000
00070000
090E0F00
01070003
00000000
00070000
020F0E00
01080002
00000000
00070000
060E1000
01040003
00000000
00070000
020C0E00
01050001
00000000
00080000
020F0E00
01040004
00000000
00070000
020A0F00
01050004
00000000
00060000
080A0E00
01080003
00000000
00070000
0A0E0E00
05090005
00000000
00060000
0E0D0F00
06080005
00000000
00070000
0D0C0E00
03050005
00000000
00060000
080D0E00
01050004
00000000
00070000
07090E00
01060002
00000000
00080000
020E0E00
01090003
00000000
00070000
070F0F00
01050003
00000000
00070000
020E0E00
01060003
00000000
00070000
0A090E00
00000000
07070B05
0E030000
02110004
00000000
0E080400
10030000
03100005
00000000
130B0500
10070000
010E0005
00000000
080C0A03
0E050000
00120005
00000000
0D0B0400
0E040000
05100005
00000000
02090303
0B030000
03120003
00000000
02090402
0C040000
06130004
00000000
0A090401
0D040000
06120004
00000000
05090A05
0C030000
01130005
00000000
07090300
0E040000
07110005
00000000
000A0301
0D040000
05100003
00000000
000C0201
0E060000
050F0002
00000000
000C0202
0E060000
04100001
00000000
000C0301
0F070000
050F0003
00000000
030B0300
0F080000
040E0004
00000000
000A0304
0E070000
06120004
00000000
00080303
0E080000
060F0003
00000000
00080202
0E070000
0F100001
00000000
000F0303
0F060000
0D0F0000
00000000
00030A04
11040000
07140000
00000000
00030701
10030000
07100002
00000000
00080400
0E070000
070D0002
00000000
000C0300
0F080000
050F0002
00000000
000C0201
0F080000
050F0001
00000000
000D0403
0E070000
04100001
00000000
010C0201
0E060000
06100001
00000000
000A0202
0D040000
04110002
00000000
000B0201
0C040000
08110003
00000000
00090202
0C040000
05140003
00000000
00090502
0C040000
04130004
00000000
02090300
0E040000
07110004
00000000
000B0203
0D050000
06110003
00000000
000C0203
0E050000
06100003
00000000
040C0302
0E050000
09100001
00000000
040B0604
0E040000
05130001
00000000
020B0302
0C030000
0A110001
00000000
000B0202
0D030000
09110001
00000000
000A0203
0E060000
08100001
00000000
000C0402
0D040000
05110001
00000000
030B0301
0E040000
06110002
00000000
070B0402
0E040000
06110003
00000000
05090705
0E050000
01110004
00000000
090C0400
0E070000
05100004
00000000
050C0302
0E050000
03100002
00000000
020B0402
0E040000
06110003
00000000
03090302
0C040000
08110002
00000000
01070604
0B040000
06140002
00000000
01070202
0C040000
0A130002
00000000
00070202
0B030000
03130002
00000000
00090300
0E040000
06110004
00000000
070A0302
0F050000
03100004
00000000
030C0605
0E050000
02110004
00000000
060A0302
0E040000
08110002
00000000
00060203
0F030000
05110001
00000000
01080203
0F040000
04120001
00000000
01080202
0E040000
05110002
00000000
02070002
10030000
090E0000
00000000
00050000
13030000
090D0000
00000000
00000000
14040000
09130000
00000000
00010000
11030000
0A0B0000
00000000
00000000
0B020000
060C0000
00000000
00000000
03020000
1D0C0000
00000000
00010000
09040000
0A1E0000
00000600
00020000
0B050000
041F0000
00000000
00020200
0E050000
0C150001
00000000
00030200
0E030000
050F0001
00000000
000A0200
0F030000
0A0B0000
00000000
000A0200
11010000
0A0A0000
00000000
00030000
10020000
0A120000
00000000
00020000
0D030000
050A0000
00000000
00010100
0B030000
120A0001
00000000
00020201
0A050000
160E0001
00000000
00030302
12070000
09140001
00000000
00030A02
12050000
05160001
00000000
00030100
10030000
0C0F0000
00000000
03010000
12020000
040E0000
00000000
00000000
10030000
040A0000
00000000
00000000
0E030000
050A0000
00000000
00010000
09030000
13110000
00000000
00060100
0E060000
17120001
00000000
00030100
16090000
10190001
00000000
00021800
14090000
071A0002
00000000
00040300
12070000
0F0E0004
00000000
00060300
0F090000
010D0004
00000400
00050202
0D090000
0F0E0004
00000000
000F0401
10050000
150D0000
00000400
00040504
11050000
081A0000
00000000
00020D00
10050000
06140004
00000000
00050400
0E040000
090E0005
00000000
000E0401
10040000
0F0D0003
00000000
00020304
11050000
06120002
00000100
00020F04
0D070000
04100001
00000000
00030200
0E040000
070D0003
00000E00
00040200
0B040000
05160000
01000000
00070200
10040000
0D110002
00000A00
00040200
0F030000
05110001
00000000
00080100
0D070000
090A0000
00000E00
00030100
0A040000
1D090000
00000000
00120300
10070000
1C0D0000
00000400
00040400
15090000
09220000
00000000
00020E00
11080000
12160002
00000000
00020200
0F060000
110E0001
00000000
000D0200
0E060000
0E0D0000
00000000
000C0200
0F030000
080D0000
00000000
00030500
12030000
05130000
00000000
08030100
0F020000
04100000
00000000
00020200
0F020000
080E0000
00000000
01020301
0E040000
080C0000
00000A00
00030400
0B040000
0A150000
03000000
000C0300
0D040000
0F130000
00000900
00030101
0E040000
05120000
00000000
00060302
0B060000
0D100003
00000000
000E0402
0E090000
0A0E0003
00000300
00030503
10040000
05150001
00000000
00060400
0F040000
100C0002
00000000
00070501
11040000
09110002
00000000
00031505
10050000
05170003
00000000
00020300
0F060000
12120002
00000000
00080500
10040000
08130001
00000000
00030205
0E070000
02120002
00000000
00040603
0D040000
06100003
00000000
00070201
0B030000
07100001
00000000
00090100
0B070000
06100000
00000800
000A0200
0B050000
1B0F0000
00000000
000C0400
12060000
160E0003
00000800
00031603
12070000
051B0003
00000000
00070100
0D050000
0C0C0002
00000E00
00010000
0A060000
19090000
00000000
000D0000
0E090000
240B0000
00000000
00020000
190D0000
0A1D0000
00000000
00011A00
170B0000
061E0002
00000000
00010100
11060000
100E0002
00000000
00020200
0F040000
0A0E0003
00000000
00040202
0D040000
07140002
00000000
00070203
0D040000
09120002
00000000
00080503
0D040000
07130002
00000000
000B0201
0E040000
08100002
00000000
00090201
0D070000
08100001
00000000
000A0201
0E050000
07100001
00000000
00090300
0E080000
0B100000
00000000
000E0301
0F080000
0A100000
00000100
00060A04
0E040000
04150001
00000000
00070402
0E040000
04100003
00000000
06070400
0F040000
050D0005
00000000
040A0503
0E040000
01120005
00000000
080A0300
0D040000
05110005
00000000
04090303
0C030000
01130003
00000000
01090702
0C040000
04140005
00000000
04070300
0C040000
08110004
00000000
00070203
0B040000
07130003
00000000
00090202
0E040000
09110002
00000000
010B0301
0D050000
08110000
00000000
010C0302
0E070000
06100000
00000000
010C0303
0F070000
070F0000
00000000
030C0303
0E060000
05100001
00000000
03090902
0C040000
04130002
00000000
03090300
0C040000
09110003
00000000
00080203
0B040000
05130003
00000000
030A0300
0D030000
06110004
00000000
01090301
0E040000
07110003
00050000
0000000E
05110600
07000609
00040000
00000009
04130400
0B000300
00030000
00000005
04260500
12000C00
00060000
00000008
05220700
13000B07
00040000
00000003
03110500
12010A00
00060000
00090002
05210300
13000A00
00060000
00050005
04100500
11000A03
00060000
00010002
06180600
12000A00
00080000
00010004
061B0700
13000B02
00050000
00020005
04110300
13020900
00050000
00090003
06200000
14010900
00050000
000D0005
05160200
12010A02
00060000
000D0002
051E0200
13010B00
00050000
00080003
04150300
13010B00
00040000
00050002
04180500
15000C00
00050000
00070005
03160700
11000C06
00040000
000C0004
02100400
09000B0B
00020000
00080007
04190000
0B000B00
00040000
0000000C
061C0000
0C010A00
00040000
00000018
06180000
0B010800
00020000
00000008
060D0000
09030700
00020000
00000005
061A0000
10020B00
00040000
00060007
05180100
10020B01
00050000
000B0003
051C0300
12010C01
00060000
000B0000
051E0300
13000B01
00050000
000B0000
04170200
12010B00
00050000
000B0002
051B0200
13010A00
00050000
000B0004
05100400
13010B01
00070000
000A0003
051A0400
13010B00
00060000
00080005
05130300
12010903
00060000
00070005
05140300
13010A00
00050000
000B0005
051D0300
13010B01
00060000
00090004
05160400
12000B05
00060000
00070000
06150400
10000B00
00070000
00070000
061B0500
10000B00
00060000
000A0000
050F0200
0F010A00
00050000
000B0000
06160200
10000A00
00060000
000C0000
06150300
0E000A01
00070000
000B0000
06170300
0E010B00
00050000
00060001
050E0500
10000A00
00050000
00050003
05140500
10000A00
00060000
00030003
05160700
0E000B06
00040000
00020002
050C0500
0E000900
00040000
00060001
051E0400
11000A00
00040000
00080004
050E0400
0F000A02
00040000
00080002
06120300
10000A00
00060000
000A0001
06140400
0F000902
00060000
00090003
050D0200
10010800
00060000
000B0003
061C0100
12010800
00040000
00070007
04100200
13010901
00040000
00040005
05250400
14010C00
00060000
00060006
051D0500
14000C05
00070000
00040001
05140400
14030A00
00080000
000C0000
061C0400
14020A00
00060000
000B0000
05230300
16020C00
00060000
000B0000
04230200
19050B00
00080000
000A0001
02230600
19060600
000C0000
00040000
00210D02
170B0200
06070000
00000010
000C0F03
0E080000
0C060000
00000008
000A0700
07000000
0F050000
00100000
00120000
0B000000
0E050B00
00060000
00060000
0C000000
06040000
00000006
01110000
0B000100
06040000
00000006
02050000
12000300
00030000
00000007
04070000
0C030600
00010000
00000001
030D0000
0C040300
00060000
000A0007
010C0000
0B060100
00030000
000A0019
00150000
0C130000
01020000
0000001E
010E0000
08100000
05020000
00090000
02120000
08000200
07030000
000A0003
030C0000
0B000300
03030000
00000006
04100000
0A000400
00040000
00000023
0A0F0000
0E010400
00020000
00000017
0E060000
0D0F0800
00030000
00000008
010B0000
07100100
03080000
00000016
000F0B02
0D0F0000
09040000
00040000
000D0D00
04000000
0C030000
000B0000
00110600
06000100
06030100
00040000
000A0000
0A000300
03040000
0000000B
04160000
0F000300
01050000
00000027
17070000
11020700
01050000
00000005
0D070000
13030E00
01040000
00000000
05050000
0D060A00
00010000
00000001
02200400
0C000900
00030000
000B0011
031A0000
10000705
00040000
00000016
05110000
0F020400
00050000
00000025
08240000
0E010500
00050000
0000000A
080C0000
0B040500
00040000
00000005
05170000
14030600
00040100
00000016
031C0500
1A090302
00030000
00000015
020A0600
09030302
02020000
00000000
03360000
0C000400
00010000
00000005
050B0000
05020400
00020000
00030010
05420000
11000400
00010000
0000001A
040A0000
08090400
00020000
00040009
05360000
0F020500
00030400
000D0009
040D0000
09010502
01050100
0009000D
04150000
14000400
00050300
0000001E
07080000
0E020400
00050000
00000027
17080000
16010900
00040000
00000005
08070000
0D050A00
00030000
00000000
06150000
0B030A00
00030000
00000004
04260000
13010800
00060200
000D0013
02230000
110D0300
00080000
000F0013
001B0100
07110000
00070000
000D0004
01160300
0C0B0100
01050000
00060002
01140700
0A010200
00040000
00070002
020A0700
07000300
01040000
0003000C
04330000
0E000300
00040400
0000001F
040D0000
0E050300
00030000
00010005
042B0000
0E000700
00020000
00040009
04100000
0C000904
00030000
00000009
051B0000
09000600
00030000
0000001B
041F0000
0D000400
01040000
0000000C
03110000
0C020300
00050200
00000026
040A0000
09100300
00050000
00000007
051D0000
0C000400
00040000
00000007
062C0000
0C020500
00030000
00000016
03120100
15070400
00020000
00000001
03270200
0C000800
00010000
00080006
031B0100
09000800
00010000
000A0005
03110000
08000500
00020000
000E0002
03140000
09000800
01040000
0000000E
04160000
10000400
00050000
00000027
09080000
0B020400
00050000
0000001F
0B160000
15000800
00050000
0000000B
05090000
0B040400
05070300
00020009
02140000
14000400
05070300
00000015
02050000
12000401
03080000
0000002B
1C060000
18000900
02060000
00000000
10060000
14051100
01050000
00000000
07060000
09060700
00030000
00000000
051A0000
10030700
00080000
00080005
05230300
14020700
00080000
000B0001
04230300
15010B00
00070000
000C0002
052B0300
14010C02
00060000
000A0002
05190400
13010B00
00050000
000C0002
05260200
12000A00
00050000
000B0003
04150100
0D000A02
00040000
000A0008
051C0000
0C000B00
00050000
00050005
051A0200
0E000B01
00060000
00060010
05240000
0B000B00
00020000
00000006
050F0000
0B030600
00020000
00000005
051D0000
10030900
00060000
00030009
051D0400
10000906
00050000
00010007
040C0600
0F010900
00060000
00060003
05220400
11000800
00050000
00040006
040D0300
11010803
00050000
00010003
05110100
10010800
00060000
000B0004
06170300
10000901
00060000
000B0003
05130200
10010A02
00060000
000B0000
06190200
10000A00
00060000
000B0000
061B0200
10000B00
00060000
000B0000
05180200
10000C00
00070000
00090001
05190300
10000B00
00040000
00050002
06140300
0F000A02
00040000
00050004
050E0100
0E010700
00050000
000A0004
061D0200
10010801
00060000
00070007
040C0400
0F010800
00050000
00080003
05160300
0D000A01
