0B020000
00010000
01000000
02000300
0A050100
00020002
02000000
02010400
0C020000
00020000
02000000
03000300
08010000
00000000
01000000
01000400
0A020000
00000000
00000000
00000400
1A0B0000
000C0004
0F000000
15000100
10100702
00170010
06000300
060A0804
15160400
00170012
0C000100
0C050402
140C0200
000E0003
04000000
0A020401
0A0E0300
00110009
04000100
04040501
110A0000
00120006
0A000000
10000200
100B0200
000D0004
07000000
0B020400
0B120501
000C000A
01000200
03080702
12030000
000D0004
0D000000
10000100
0A030000
00010000
00000000
02000400
08010000
00000000
00000000
00000400
05000400
01000002
04000201
00040002
04000401
02000004
03000205
00030002
06000400
01000002
04000202
00050002
02000401
02000000
04000202
00020002
02000401
02000001
04000200
00020002
16040400
00000A05
06000409
00130002
0B0F0407
0A000321
0B000122
00040104
12100401
06000716
06000222
000A0003
09020401
03000217
0800020A
00060003
07060403
06000214
06000218
00040002
10040400
0000060C
08000410
000E0002
0B010402
0300040F
0700020D
00080002
02050405
09000019
08000018
00000002
13010400
00000707
0600030C
000F0002
02000401
02000003
04000201
00020002
02000401
02000001
04000202
00020002
