00000800
00130000
14080000
1600140B
00000000
0B000000
0F000000
000F0000
00000000
00000000
1600001C
00000000
00000010
00042300
0000000C
18050000
00001300
001D0000
0029003E
2A110000
00002F00
00000000
10001200
02000000
00000044
7F000000
00000000
00000020
00000000
55000000
00000000
00000000
00000000
00000000
00000030
00000000
09000008
7F000001
0000003C
0000000D
00000000
00000000
0000002C
00000000
00000015
00000000
0000000C
00000000
00000000
7F000000
00000000
00000017
14000000
00000000
00001308
00000000
00000043
00002000
0000005C
00000000
3C00022F
00135100
0015024F
3F000000
00007F10
00130609
00000019
00000002
0D302501
00311D00
0000001B
00000000
2E000000
00000900
000B1212
00000000
0700001B
00001B01
00000000
00000D00
3200001E
3E000F17
00000000
00130300
130D0022
00000000
00000B00
00280A00
0A260027
41000000
00000000
00000003
34000009
00000000
001C0000
00140000
42000003
00000000
00280000
00000000
211A0000
1E000000
00000000
00170000
1B000000
00000000
00323A00
00260000
46000013
00000000
00000000
00000700
16260001
52000000
00000000
00000000
09000000
00000000
00593E00
001B0000
00000000
04000000
00000000
00000000
01001400
37000000
00000003
001D001F
00005000
19401400
2F000800
00000002
0D1B0000
1D000E00
00000000
0000000D
00000400
0C000400
00000000
00200008
00390000
04000000
00000000
0000001D
00000000
00000000
12010000
00000025
3F250000
00000000
00000000
23140010
7F0A0000
00140000
00000000
00000001
7F000000
00000000
08000000
69000000
4F000000
00000003
00000000
7F220000
5B000000
00000000
00000000
2D000000
42000000
00000000
00000000
65270000
3F000300
00000006
00000000
5C190000
47000000
00470000
10000000
00000000
00230800
00000000
00000000
535E0000
00203100
00110000
00000000
05000000
00001500
11000D04
00001300
00000000
001D3700
151F131A
02360000
00000000
25220000
000B0600
0035000A
00000023
00080000
00164E00
000D0000
06000000
13000700
00001C00
00000000
00000000
08003100
16060510
00000000
001F0000
00000000
00000000
00120800
250F1500
0B000000
00000000
00000011
00003B00
00000000
00002600
1C070000
04000500
00000000
00004900
031E0000
44001200
00000000
04001300
00000000
0000180C
00000000
00005000
052C1B00
1E000000
00000000
00004300
00130000
47001D00
00000000
00000000
0000000E
00002200
00000000
00007E00
0B143200
19000000
03000000
00000000
00000000
00000000
00006700
47200011
000A000F
23000029
