0C010000
00040000
01000000
03000300
0A020000
00000000
02000000
03000300
0A020000
00000000
01000000
02000300
0B020000
00000000
01000000
02000300
0B020000
00000000
02000000
03000300
0D030000
00000000
02000000
05000300
03000000
00070006
02000000
01000200
0C0F0300
00010000
00000000
01040600
0E000000
00090000
02000000
04000300
0A030000
00000000
03000000
03000300
0B020000
00000000
02000000
03000300
0B020000
00000000
01000000
02000300
0A010000
00000000
02000000
03000300
07000000
00000000
01000000
01000300
09020000
00000000
00000000
00000400
07010000
00000000
00000000
00000400
08010000
00000000
00000000
00000400
08010000
00000000
00000000
00000400
0A030000
00000000
00000000
00000400
0D030000
00000000
01000000
02000300
10060000
00000000
03000000
07000300
19090000
00020000
09000000
10000200
22120000
00010000
11000000
1D000000
1D0A0000
002B000E
1E000000
21000000
00190902
00230035
06000A00
000E0402
0C0F1008
00010000
00000300
0017130C
1C0F0200
00050000
00000000
07020801
1A070000
0032000D
11000000
10000100
06260601
000A0016
04000100
04080402
370F0200
00140000
06000000
12020702
14020000
003A0019
20000100
1B000000
04210801
00040018
04000200
000B0502
230B0301
001C0000
01000000
07040903
03000000
0010000D
08000000
05000000
11160300
00060000
00000000
07030600
19100000
00060000
06000000
13000200
0A000000
0021000E
0E000000
08000000
08110200
00000002
01000000
04030400
01000100
001D0014
00000400
00020300
16280902
00060000
00000000
020D0C05
0A040000
00220005
03000000
05000300
231B0000
00040000
05000000
11000400
17000000
001F0008
17000000
1D000000
010B0100
0004000A
0A000000
0B010100
00030200
000C0008
00000100
00030400
11110400
00010000
00000000
08060800
200C0000
001B0001
09000000
0E000300
0F0B0000
000D0005
12000000
15000000
00000100
00050012
05000100
04020200
09150801
00000002
00000100
020B0902
05000100
002B0013
00000500
00020500
1D350A02
00010003
00000100
060F0B06
25000000
00320003
0F000000
18000300
11090000
00000004
14000000
18000000
0D030000
00010002
0C000000
0D000000
03000000
00010005
04000000
03000200
0C080100
00010000
00000000
02010500
09000000
00030000
01000000
02000300
08020000
00000000
00000000
01000400
0A020000
00000000
00000000
01000400
08000000
00000000
00000000
01000300
08020000
00000000
00000000
00000400
08000000
00000000
00000000
00000400
08010000
00000000
00000000
00000400
06000400
00000005
06000203
00040002
05000400
01000000
03000201
00050002
04000400
01000000
04000201
00040002
04000400
01000001
04000200
00040002
05000400
01000000
03000200
00050002
05000400
00000001
04000200
00060002
05000402
01000000
04000113
00010001
00000401
05000011
02000200
00000003
08000401
00000006
08000204
00040002
05000400
01000000
03000201
00060002
05000400
01000000
03000200
00050002
05000400
01000000
03000201
00050002
05000400
01000000
04000201
00040002
03000401
01000000
03000204
00020002
00000401
02000002
03000200
00010002
01000401
02000000
04000201
00010002
01000402
02000001
04000101
00000002
00000401
03000000
03000200
00010002
01000401
02000002
05000200
00020002
04000400
01000002
03000200
00050002
07000400
00000001
03000300
00090002
0F000400
00000606
03000400
00100003
18000400
00000C01
01000500
001D0003
2A0F0401
0000140D
0F000525
00170002
0A2E040A
0D000000
02010060
02000400
0000040D
1800004D
10000000
00000006
01000403
0500011B
09000200
00060005
200D0401
00000C1C
1100032A
000A0003
05110401
0800000A
00000126
00050002
11000400
03000A40
0D000400
000E0007
2F1B0401
00001207
0D00043F
01140001
03120402
0B000008
00000023
01000102
09000403
0600023D
0E000205
00010006
0D070401
00000200
06000221
00060000
02000401
05000019
06000200
00030003
0C000400
00000407
07000403
00100003
180A0401
0000060C
05000327
000A0001
00010401
0400000C
04000202
00050002
030B0408
04000005
0A000036
00000000
00000403
0E000035
07000100
00000005
0D010402
0000010F
0F000216
00060002
09000400
0100051B
03000400
00120004
23070400
00000F05
0A000517
00170001
09070400
01000103
04000314
000B0000
01010405
05000003
03000018
00000001
00000403
08000015
09000100
00020004
15000400
0000091F
0900040D
000E0004
16020400
00000804
07000410
00120001
05090403
03000000
05000123
00020000
00000405
0D000013
09000003
00000003
030C040A
04000017
0E000036
00000102
00000402
0F00003A
04000105
00000005
20020401
00000E1D
15000410
00110004
18020400
00000900
00000409
00180001
0F000400
00000400
01000308
000E0001
06000401
01000000
0200020E
00050001
01000401
03000009
04000200
00010003
05000401
01000001
05000204
00030002
01000401
02000000
04000201
00020002
02000401
02000002
04000200
00020002
04000401
01000001
04000203
00030002
01000401
02000000
04000201
00020002
01000401
02000001
04000201
00010002
01000401
02000001
03000201
00010002
