0900001A
1A050700
00000212
00000009
1500001E
14000100
07000700
14000000
14000000
1C000D00
00000603
11000009
1A000015
28001000
09000C03
0000010E
06000003
25001700
00000915
00000E11
0E001900
02000400
00000002
0000020E
00000000
02000000
00003400
00000000
00000000
02020000
00005800
00000000
00000000
02000100
00002A00
00000000
00000000
02000000
00003B00
00000000
00000000
02020000
00001D00
14000000
00000000
03000000
00001B00
01000000
00000000
02000000
00004200
00000000
00003902
02000000
00001703
00000000
0D000006
1A050400
00000015
00000000
0D000001
22090400
00000018
03000008
002D0032
06251900
031C0100
0008001C
002B0023
10311000
00090000
00000600
002C0038
001F1800
021D0000
00091815
002D0018
0A2D0800
00001000
000C0D00
002E0026
00290C00
0A000A00
0007001C
002C3F3A
05023600
00000000
0015000E
002E000F
232E0000
00000000
00000000
002D000F
37020200
00000000
00000000
0028006E
33260800
00000000
00000000
0027000F
363C0A00
00000000
00000000
00241223
00032700
00000000
00000000
00250235
091A0600
00000000
00000000
002C000F
31620600
00000000
00000000
002D231E
00023A00
00000000
00230000
002B0332
00310600
06020000
02000011
002B001D
00330000
050A1100
0E060003
00000000
00081300
050E1E00
0B000A0A
00000000
000B2400
061D2100
00000000
03000000
00071300
081D1200
05000A06
00000000
000A3F00
02000400
140A0203
00000000
00063700
05001100
26001407
00000000
000A1400
04000000
00001500
00000000
00481400
06000000
00000000
00000000
00001400
06000000
00000000
00000000
00101A00
07000000
00000000
00000000
00251400
0800000D
00000000
00000000
00001300
1E000000
00000000
00000000
001E1300
07000000
00000000
00000000
00581400
07000000
00000000
0F000000
00011400
13000003
00000000
00000000
00064200
0E000000
000A0300
00000000
00082E00
0D001500
18180000
170F000C
0000002E
0B000700
08000000
0009000F
00000028
00000500
09000000
0108000D
0000001F
11000600
0E000000
02020011
0000001F
10001B04
03000000
15000011
00000022
19001014
00000000
00020011
0000003A
00000600
00000000
00130003
00001951
00000500
00000000
00080003
0000005F
00000500
00000000
000E0007
00000047
00000800
00000000
0112000B
00000058
00000900
00000000
00000003
00000058
00000900
00000000
000A0008
00000049
00000800
00000400
01300006
0000004F
00000700
07001E00
030C0011
00010045
00000700
06000000
07010016
0000002D
00000600
00000000
2A00000B
00000029
15001706
05000000
