00000709
08000200
0000000C
00000004
0300010B
06000000
03000005
00000000
03000806
09000401
0100000C
00000204
0102000A
0D000500
0400000B
01000206
00000307
0C000700
0000000F
04000707
00000D00
00000100
0000000A
00000606
00000000
00000000
00001500
00000000
00000000
00000000
00002100
00000000
00000000
00000000
00001000
00000000
00000000
00000000
00001500
00000000
00000606
00000000
00000C00
00000000
00000000
00000000
00000A00
00000000
00000000
00000000
00001700
00000000
00001A06
00000000
00000805
00000000
0100000A
08000100
0000000B
00000000
0000000A
0B000100
0100000A
00000003
0000000C
070C0500
060A0200
0004000F
00000007
0B100101
00040000
00000101
0000000E
060A0600
050B0200
00050B0D
00000003
060F0100
04000700
00060A05
00000108
060E0400
08030600
0004000F
0000110F
00001200
00000000
0009000B
00000000
100F0000
00000000
00000000
00000000
16000000
00000002
00000000
00000021
130C0100
00000000
00000000
00000000
18140000
00000000
00000000
00000D07
0B000C00
00000000
00000000
0000070D
0E080100
00000000
00000000
00000000
19210000
00000000
02000000
00000F05
01001200
00000000
020E0000
0000010C
08100100
05010000
0600000B
00000005
06110100
05040700
0B040006
00000000
00000000
00050B00
07000504
00000000
00000600
00050F00
01000000
04000000
00000000
00060E00
06000504
00000000
00000F00
00010600
0B050200
00000000
00000C00
00010A00
11000801
01000000
00000000
00000000
00000800
00020000
001A0000
00000000
00000000
00000000
00030000
00000000
00000000
00000000
00070200
00080000
00000000
00020000
000E0000
00000009
00000000
09040000
00000000
07030004
00000000
00020000
000C0000
00000000
00000000
00060000
001F0000
00000000
00000000
0E040000
00000000
03010006
00000000
00000000
00001000
00030200
03040200
00000000
00000900
00040800
0D0A0000
08000000
00000005
04000103
00000000
00000000
00000003
00000000
00000000
02000000
00000000
06000100
00000000
02000000
00000000
06000804
00000000
07000200
00000001
09000409
00000000
00000000
00080009
00000000
00000000
00020000
00001411
00000000
00000000
00000000
00000816
00000000
00000000
00000000
0000000E
00000000
00000300
00040000
00000314
00000000
00000000
00000000
00000014
00000000
00000000
00030000
0000000F
00000000
01000600
000C0000
00000611
00000000
01001000
00010000
0008000D
00000000
02000000
00000001
00000005
00000003
00000000
0A000000
00000004
08000604
00000000
