00070000
00000000
00060000
01080000
00020000
00000000
00130000
00090000
00090000
00000000
00150003
00050000
00000000
00000000
00060000
00010000
00000003
00000000
03000000
00000000
00000009
00000000
00000000
00000000
00000001
00000000
00000000
00000000
00000000
00000000
00000000
00000200
00000000
00000000
00000004
00010000
00020009
00000000
00000000
00000000
00000001
00000000
00000000
00000000
00000000
00000000
00000000
00000700
00000000
00000000
00020B00
00020000
00000002
00000000
00030000
00000000
00000000
00000000
00000000
00000000
00000002
00000000
01000000
00000000
00000003
00000000
00000000
00000000
00000000
00000000
00020000
00000000
00000000
00000000
00020000
00000000
00000000
00000000
00020000
00020000
00020007
00000000
00050000
00060000
0000000D
00000000
00020000
00000000
00090007
0A000000
00080000
00000000
00000000
0A000000
000C0000
00000000
00020500
00000000
00000000
00000000
00050B00
00000004
00030000
00000000
00040600
00000000
00050000
00000000
00060000
00000000
00040000
00000000
00070000
00000000
00000000
02000000
00000000
00000000
000C0001
000B0000
00000006
00000000
020C0000
00000000
00000007
00000000
0D000000
00000000
00000000
00000000
06000000
00000000
00000000
00000000
00000000
00000000
00000000
00000000
00000000
00020000
00000000
00000000
00000000
0C020000
00000000
00000000
00000000
00000000
00000000
00000000
00000000
00000000
00000000
00000000
00000000
00000000
00000000
00000000
00000000
00000000
00000000
00000000
00000000
00070000
00000000
00000000
00000000
00180000
00000000
00000000
00000000
00150000
00000000
00000000
00000000
00010000
00000000
00000000
00000000
00000000
00090000
00000000
00000000
10000000
00000000
00000000
00000000
04000000
00040002
00000000
00040000
00000000
00010005
00000000
00080000
00000000
00000005
00000000
00020000
00000000
00000000
00000000
00000000
00000000
00000000
00000000
00010000
00000000
00000000
00000000
00030000
00000000
00000000
00000000
00020000
00000000
00000001
00000000
00010000
00000000
00000000
00000000
00000000
00000000
00000000
00000000
00000000
00000000
00000000
00000000
000F0000
00000000
00000003
00000000
08000000
00000000
00000000
00000000
04000000
00000000
00000000
00000000
00000000
00000000
00000200
00000000
00000000
00000000
00000000
00000000
00180000
00000000
00000000
00000000
00060000
00000000
00000004
00000000
00000000
00000000
00000000
00000000
00000000
00000000
00000000
00000000
00110000
00000000
00000000
00000000
00150000
00000000
00000000
00000000
00000000
00000000
00000000
00000000
00000300
00000000
00000100
00000000
00000000
00000000
00000000
00000000
00000000
00000300
00000000
00000000
00000000
00000000
0000000B
00000000
00000000
00000000
0001000F
0A000000
00000000
00000000
00000000
08000000
00000017
00000900
00000000
00000000
00000002
00011500
00000001
00000000
00000000
00010000
00000000
00000000
0000000C
00000000
00000000
00000000
08000000
00000000
00040000
00000000
00000000
00000000
00060000
00000000
00000000
00000000
00000000
00000000
00000016
00000000
00000000
00000000
00000000
00010600
00000006
00030000
00000000
00000000
00000000
00000000
00000007
00000000
00000000
00000000
08000000
00000000
000B0000
00000000
00000000
00000000
000D0000
00000000
00020000
00000000
00000000
00000000
00020000
00000000
00000000
00000000
00000000
00000000
00000000
00000000
00000000
00000000
00000000
00000000
00000600
00000000
05000000
00000000
00100000
00000000
00060000
00000000
00150000
00000000
00000008
00000000
00030000
00000000
00000005
00000000
00000000
00000000
00000000
00000000
00050000
00000000
00000000
00000000
00140003
00000000
00000002
00000000
03150000
00000000
0000000D
00000000
05000000
00000000
00030000
00000000
00000000
00000000
00000000
00000000
00000000
00000000
00000000
00000000
000F0000
00010000
02070005
00000000
000D0000
00000000
0000000A
00000000
0C030000
00000000
00000000
00000000
0A000000
00000000
00000000
00000000
001A0000
00000000
00000000
00000000
00110000
00000000
00000000
00000000
070D0000
00000000
19000200
00000000
00040000
00000000
00000000
00150004
00080000
00000000
00000000
00000000
00070000
00000000
09000000
00000000
000B0000
00000000
00000007
00130000
000C0000
00040000
00000012
03000000
0B020000
00000000
01000002
00000000
00000000
00000000
00000000
00000000
00060000
00000000
00000000
00000000
00030000
05000000
00000000
00000000
00010000
00000000
00020006
00000000
00040000
00000000
00000000
00000000
00000005
00000000
00000000
00000000
00000000
00000000
00090004
00000000
00060000
00000000
00020008
00000000
00060000
00000000
00000004
00000000
00000000
00000000
00000000
00000000
00000000
00100000
00000000
00000000
00000000
00000000
00000000
00000000
00000000
00000000
00000000
00000000
00000000
00000000
00080000
00000000
00000000
00010000
00000000
00000000
00000000
00000000
00000002
00000000
00000000
00000000
00000014
00000000
00000000
00000000
00000000
00000000
00000000
00020000
00000000
00000000
00000000
00000000
00000000
00000000
00000000
00000000
00000000
00000000
00000000
03000000
00000000
00000000
00020000
13000000
00000000
00000000
00000000
00000000
00000000
06000000
00010000
00000000
00000002
0D000000
00000000
00000000
00000005
08000000
00000000
00090000
00000003
00000000
00000000
00020000
00070000
00000000
00010000
00000000
00110001
00000000
00000000
00000000
00000000
00000000
00000B00
00000000
00020100
00000000
00001800
00060000
000D0000
00000000
00000000
00000000
00090000
00000000
00000000
10000000
00000000
00000000
00000000
22000000
00000000
00000000
00000000
10000000
00000000
04000000
00000000
00000000
00000000
06000000
00000000
00000000
00000000
01000000
00000000
00000000
00000000
00000000
00000000
00000000
00000000
00000000
00000000
00000000
00000005
00000000
00010006
02000000
00060009
08000000
000C000D
06030000
0002000F
04000000
0010000C
020C0200
03000000
00000002
00050000
00000800
00000000
00000000
00001000
00000000
00000000
00000000
00000D00
00000000
00000000
00000000
00000400
00000000
00000000
03000000
00000000
00000000
00120000
00000000
00000000
00000000
00010000
00010000
00000000
000B0000
14000000
00000000
00030000
00110000
11000000
00000000
00070000
00000000
06000000
00000000
00010000
00000000
08000000
00000000
00000000
06000000
07000000
00000008
00000000
09000000
00000000
00000000
00000000
00000000
00000000
00000000
00000000
00000000
00000000
00000000
00000000
00000000
00000000
00000000
00000000
00000000
00000000
00000000
00000000
00000000
00000000
00000000
00040D00
00000000
00000000
00000000
00000000
00000000
00000000
00000000
00010000
00000000
01000000
00000000
00030300
00000000
00000000
00000000
00060000
00000000
00000000
000B0000
00030000
000C0000
05000002
00240000
00000000
00170000
06000004
00000000
00070000
00050000
00000004
00000000
000C0000
05010000
01000000
00000000
00000000
09000000
00000000
00000000
00000000
0C000000
00000000
00000000
00000000
00000000
03000000
00000000
00000000
00000000
05000000
00000000
00000000
00000000
00000000
00000000
00000000
00000000
00000000
00000000
00000000
00000000
00000000
00000000
00000000
00000000
00000000
00000000
00000000
00000000
00000000
00000000
00000000
00000000
00000000
00000000
00000000
00000000
00000000
00000000
00000000
00000000
00000000
00000000
00000000
00000000
00000000
00000000
00000000
00010000
00000000
00000000
00000000
00000000
00000000
00000000
00000500
00000000
00000000
00000000
00000000
00010000
00000000
00000000
00000000
02040000
00000000
00000000
00000000
000C0000
00000000
00000000
00000000
00000000
00000000
00000000
00000000
00000000
00000000
00000000
00000000
00000000
00000000
00000000
00000000
00000000
00000000
00000000
00010000
00000000
00000000
00020000
00000000
00000000
02000000
00000000
00050000
00000000
1B000000
00000000
000B0000
00000000
12000000
00000000
00030000
00000000
00000000
00000000
00000000
00000000
00000000
00000000
00000000
00000600
00000000
00000000
00000000
00000000
00000000
00000000
00000000
00000000
00000000
00000000
00000000
00000000
00000000
00000000
00000000
00000000
00000000
00000000
00000000
00000000
00000000
00000000
002A1A00
00000000
00000000
00000000
00000000
00000000
00000000
00000000
00000000
00000000
00000000
00000000
00000000
00002500
00000000
00000000
00000000
00000000
00000000
00000000
00000000
00000000
00000000
00000000
00000000
00000000
00000000
00000000
00000000
00000000
00000000
00000000
00000000
00000000
00000000
00000000
00040D00
00000000
00000000
00000000
00000000
00000000
00000000
00000000
00000000
00000000
00090000
00000000
00000000
00000000
00060000
00000000
00020000
00000000
00000000
00000000
00000000
00000000
00000000
00000000
00000000
00000000
00000000
00000000
00002300
00000000
00000000
00000000
001B0000
00000000
00000000
15000000
00000000
00000000
00090000
19000000
00000000
00000000
00200000
00000000
00000000
00000000
00000000
00000000
00000000
00000000
00000000
00000000
00000000
00000000
00000000
0D000000
00000000
00000000
00000000
00000000
00000000
00000000
00000000
0D000000
00000000
00000000
00000000
0F070000
00000000
00000000
00000000
00000000
00000000
00000000
00000000
00000000
00060000
00000000
00000000
00000000
00000000
00000000
00000000
00000000
00000000
00000000
00000000
00000000
00110000
00000000
00000000
00000000
00000000
00000000
00000000
00000000
00000000
00000000
00000000
00000000
00000000
00000E00
00000000
00000000
00000000
00000000
00000000
220A0000
00240000
00000000
0F000000
00000000
00000000
00000000
00000000
00000000
00000000
00000000
00000000
03080000
00000000
00001200
00000000
00070000
00000000
00000000
05000000
00000000
00050000
00000000
00000000
08000000
00000000
00000000
02070000
00000000
00000000
00000000
01000000
00000000
00000000
00001700
00000000
02000000
00000000
00000000
00000000
00000700
00000000
00000000
00000000
00000000
00020000
00000000
00000000
00000000
00000000
00000000
02000000
00000000
00000000
00000700
00000000
00000000
00000000
00000300
1C000000
00000000
00020000
00000000
00000000
00000000
00000000
00000000
00000000
00000000
00000100
00000000
00000000
00000000
00000000
00000200
00000000
00000000
00000000
00000000
00000000
00000000
00000000
00000000
00000000
00000000
00000000
00000000
00000000
00000000
00000000
00000000
00000000
00000000
00000000
00000000
0000001B
00000000
00000000
00000000
00000000
03000000
00000000
00000000
00000000
08000000
00000000
00000000
06000000
00000000
00000000
00000000
00000000
00000000
00000000
00000B00
00000000
00000000
00000000
00000000
00000000
17000000
002A0000
00000000
00000000
00000000
00000000
00000000
0A000000
00000000
00000000
00000000
00000000
00000000
00060000
00000700
00000000
00000000
000B0000
00000000
00000000
00000000
00060000
00000000
16000000
00010000
00000000
00000000
00000000
00000000
00030000
00000000
00000000
00000000
00010000
00000000
00000000
00000000
00000000
00000000
00000000
00000000
01000000
00000000
00000000
00000000
00000000
00000000
00000000
00000000
00000000
00000000
00000000
00000000
00070000
00000000
0D000000
00000000
000A0000
00000000
0D000000
00000000
00150000
00000000
04000000
00000000
00100000
00050000
00000000
00000006
00090000
00080000
00000000
00000000
00000000
00060000
00000000
00000004
00000000
00040000
00000000
0000000A
00000000
000A0000
00000000
00000000
00000000
00000000
00000000
00000000
00000000
00000000
00000000
00000000
00000000
00000000
00000000
00000000
00000000
00000000
00000000
00000000
00000000
00000000
03000000
00000000
00010000
00000000
0D000000
00000000
000C0000
00000000
06000000
00000000
00120000
00010000
00000000
00000000
00030000
00000000
01000000
00000000
03000000
00000000
0E000000
00000000
06020000
00000000
10000000
02040000
00040000
00000000
07010000
03000000
00000000
0401000B
0B000000
00000100
00000000
09050004
07000000
00000000
00000000
04000005
06000100
00000000
00020000
00000008
06000000
00000000
00000000
00000000
00000000
00000000
03000200
00080000
00000000
00000000
00000000
00020000
00000000
00000000
00000000
0000000E
15000000
00000000
00000000
00030002
11000000
00000700
00000000
000B0000
00000000
00000000
00000000
00000009
00000300
00000000
00000000
00000011
09000000
00000200
00000000
0008000F
0F000000
00000000
00000100
0007000C
08000000
00000000
000C0000
00000015
0A000000
00000000
000A0000
00000011
00000000
00000000
00000006
0000000E
00000000
00000000
00000000
0000000D
00000000
00000000
00000000
00000004
00000000
00000000
00000000
03000017
00000000
00000000
00000000
00020024
00000000
00000000
00000700
00080011
00000000
00000000
00001000
00060000
00000000
00000000
00000000
00000002
0B000000
00000000
00000000
00000000
13000000
00000400
00000000
00050000
0F000000
00000300
00000000
00000000
00000000
00000000
00000000
00000000
00000000
0A000000
00000000
00000010
07000000
00000000
00000000
0103000C
0B000000
00000000
00000500
00000008
00000000
00000000
00000000
0000000D
00000000
00000000
00000000
0000000C
00000000
00000000
00000000
0000000A
00000000
00000000
00000000
00000006
00000000
00000000
00000000
06000008
00000000
00000000
00000000
10000012
00000000
00000000
00000000
14000015
00000000
00000000
00000000
1B00000F
00000000
00000000
00000200
11000005
00000000
00000000
00000000
16000000
00000200
00000000
00000000
15000000
05000200
00000000
00020000
0A000000
02000000
00000000
00130000
00000000
00000000
00000000
00130000
00000000
00010000
0C000000
00000000
00000009
00000000
10000000
00000000
0000000B
09000000
00000100
00000000
06040009
08000000
00000900
00000000
00000009
00000000
00000000
00000000
00000005
00000000
00000000
00000000
00000007
09000000
00000000
00000000
0000000A
17000000
00000000
00000000
00000007
13000000
00000000
00000000
00000000
00000000
00000000
00000000
00000000
00000000
00000000
00000000
0000000B
00000000
00000000
00000000
00000019
00000000
00000000
00000000
0000001A
00000000
00000000
00000000
00000000
00000000
00000000
00000000
00000000
00000000
00000000
00000000
00000022
00000000
00000000
00000000
00000000
00000000
00000000
00000000
00000000
00000000
00000000
00000000
00000000
00000000
00000000
00000000
00000000
00000000
00000000
00000000
00000000
00000000
00000000
00001000
00050000
00000000
00000000
00000000
00000000
07000000
00000000
00000000
00000000
0E000000
00000000
00000000
00000000
00000000
00000000
00000000
00000000
00000000
00000000
00000000
00000000
00000000
00000000
00000000
00000000
00000000
00000000
00000000
00040004
00000000
00000005
00000000
00000014
00000000
00000000
00000000
00000000
00000000
00000000
00000000
00000000
00000000
00000000
00000000
0000000B
00000000
00000000
00000000
00000000
00000000
00000000
00000000
00000000
00000000
00000003
00000000
00000000
00040000
0000000C
00000000
00000000
00000000
02000000
00000000
02000000
00000000
00000000
00000000
00000000
0F000000
00000000
00000000
00000000
00000000
00000006
00000000
00000000
00000000
00000000
00000000
00000000
000A0700
00000005
00000000
0000000F
001A0000
00000009
00000000
00000010
00000000
00000000
00001400
000A0000
00000000
00000000
00000000
00000000
00060000
00000015
00000009
0000001B
00000000
00000000
00000000
00000000
03000000
00000000
00010000
00000000
000B0000
00000000
000F0000
00000000
00000000
00000000
00000500
00000000
00000000
00000000
00000000
00050015
00000000
00000000
00000000
0000000C
00000003
00000000
00000000
00000000
00000000
00000000
00000000
00000000
00000000
00000000
03000000
0000000A
00000000
00000000
00000000
00000016
0C000000
00000000
00000000
00000003
04000000
00000000
00000000
00000000
06000000
00000002
00000000
00010000
00000000
00000000
00000500
00000004
00000000
00000000
00000000
00000003
02000000
00000000
00000000
00000001
00000000
00000000
1E000009
00020005
00000000
00000000
00000400
00030000
00000000
00000000
00000000
00000002
00080300
00000000
00000000
00000015
00000000
0B000000
00000000
01000000
00000000
00000000
00000200
00000000
00000000
00000000
00000600
00000001
00000000
00000000
00000D00
00000000
00000000
00000000
00000000
00000000
00141200
00000000
0A000000
00000011
000A0000
02000600
000A0000
00000000
00000000
00000000
00000000
00000008
00000000
0000000C
00000000
0000001A
00000000
00000000
00000000
00000004
02001700
00000003
00000000
0000000D
07000000
00000202
01000000
00070010
00000000
00000002
00000000
00000001
00000000
00000000
00000000
01000001
00000000
00000000
00000000
00000024
00000000
00000000
00000000
00000016
00000000
00000000
00000000
00000000
00000000
00000000
00000000
00000000
00000000
00000000
00000000
00000016
00000000
00000000
00000000
000A0006
00000000
00000000
00000000
00000000
00000000
00000000
00000000
00000000
00000000
00000000
00000000
00020000
12000000
00000000
00000000
00040000
09000000
00000000
00180000
00000007
00000000
00000000
00180000
0000000C
02000000
0C000000
02000000
0000000E
00000000
00000000
00000000
0007000E
00000000
00000000
00000100
0001000E
00000000
00000000
00000000
0000001B
00000200
00000001
00000000
0000001F
01000000
00000000
00000000
0003001A
01000000
00000000
00000200
00000008
04000000
00000000
00000000
00000005
00000000
00000000
00000000
00000007
09000000
00000000
00000000
00000003
07000000
00000000
00230000
00000005
04000000
00000000
00360000
0000000B
00000006
14000000
00080000
00000014
00000000
05000000
00000000
00000005
00000000
00000000
00000000
00000000
00000000
00000000
00000000
04000009
03000900
00000000
00000000
0400000C
03000000
00000000
00000000
00000010
00000000
00000000
00000000
0002000E
00000000
00000002
00000100
00070012
00000000
00000703
00000400
010A0012
0A040300
00000F09
00000100
080C0011
