080A0000
10000002
00000400
12000000
16000100
1403000A
000A0000
00000000
03040000
0A000000
000C0003
00000000
00040000
00000000
00040000
18000000
08000000
00000017
00000000
0A000000
1A000A00
0003001B
00000000
00000000
09000800
00000008
00050000
00000000
1B000000
0B000000
00140006
00000000
2C000000
03000013
00040006
00000000
10000000
0000001A
00000001
00000000
00080000
00000101
00000000
17000000
00050000
00000800
00000500
1F000000
00000000
0000000F
00001700
06040000
23000000
00000000
00030900
0000000D
00000000
00000000
00000000
0A000007
00000000
00000000
00000000
18000000
00000500
0000001A
00000000
00020000
00001700
00150015
00000000
0000000B
00000200
00000000
00020000
13000000
11000000
05000000
00030000
0F000000
12000000
06000005
00000000
00000000
04000000
0A000000
00000000
0000000D
00130000
12000000
0010000A
0F00000D
00000300
11000000
00180008
02000000
19000000
000A0023
00050000
00000000
16000000
0000001A
00000000
00000000
11000000
0000060E
00000000
00000000
00080000
0000050A
00000000
11000000
00120000
00000005
00000800
18000000
03000000
00000000
00090A00
0A040000
0E000000
0000000B
00070700
04000000
00000000
0000000E
00000300
10000000
00000000
0000000F
00000000
14000000
02000D00
0000001A
00000300
0A000000
07001200
0307000E
00000300
04000000
00000E00
03100007
00030003
15000000
00000800
02070009
00000000
18000000
0A000E00
0B080011
00000000
0B000000
05000E00
11090001
00000000
0A000000
00040D00
120A0000
00050009
15000000
00001200
150B0000
00080005
13000000
09001200
0B1B000B
00030001
0D000000
07001200
00120015
00000000
07000000
05000F00
07090008
00000000
0A000000
07001100
0E1C0008
00010004
0B000000
000A0A00
02180007
00000000
12000000
0C000C00
060B0007
00000000
05000000
18000500
0206000D
00000000
00000000
03000000
00010011
00000000
05000000
00030000
00000012
00000000
10000000
11000200
0000000F
00000300
00000000
20000400
00070016
00000000
00000000
1E000000
00000008
00000000
00000000
16000000
00000000
00000000
00000000
00000000
00000102
00000000
08000000
00000000
00000000
00000000
08000000
00000000
01000000
00000000
0900000A
03000000
0B000000
000E0000
0000000E
00000000
06000000
00000000
03000000
00000000
04000000
00000000
10000000
01000600
0600000F
00000000
00000000
0F001000
00060000
00000000
00000004
00000300
00000000
00180000
07000000
00000000
00000300
00080000
12000000
00000000
00000000
00000000
0A000000
00000000
00000000
00000000
00000007
00000000
0E000000
00140000
00000021
00000000
0A000000
001D000A
0900000E
00000000
00000000
00000000
0B000000
00000000
00000017
00000000
00000000
0E000F00
0000002C
00000000
00000000
00000000
00000000
00000000
13000000
00000000
00000900
00000000
1D000000
16000000
03000000
00000000
00000000
2C000000
14000000
00000000
00000007
00000000
1B000000
00000007
0000030F
00000000
11000000
000A0011
1F000C0E
0A000800
00000023
00000000
00000000
00000000
000B0000
00000000
0B000000
00000000
00000000
00000000
1D000000
36000000
05000000
00030000
00000000
1E000000
10000000
00000000
00000000
00000000
10000000
03000000
00000009
00000000
17000000
0007000B
10050912
00000608
00250007
00000006
00000005
00000000
00000000
00000000
11000000
00000000
00000100
00000000
13000000
0C000000
0E00000C
00010000
00000000
11000000
110E0000
00000000
00000000
00000000
10000000
00030003
0E000000
00000000
08000000
00050003
1E000000
00000000
00000025
00000000
0E000000
00000000
00000000
00000300
0F000000
1B000000
0C000000
00100011
00000000
0F000000
10000000
000A0000
0D000000
00000000
04000000
00000000
11000000
00000000
16000013
00000000
00010000
02000000
11050000
00060000
00000009
00000000
0F000000
000F0007
00000000
1B000000
0C000000
000F0005
0D000700
0E000000
07000013
00000000
00000000
04000300
00000021
00000000
00000000
00030014
01000600
08000007
19000000
00000008
06000000
000F0002
1D030000
25000000
07020200
00050700
0A000000
00000000
00000400
00000300
12000000
00000000
00000000
00000300
13000000
04000100
11040000
00110000
03010000
02000000
03090000
00010000
0A000007
00000000
07000000
00000000
11000000
10000900
0C000000
00000000
07000000
01000000
03300027
00000000
06000012
00000000
0F000000
00000000
0A000000
00000000
15000000
00030000
11000C00
00000000
002A0000
00000000
1D000005
00000000
06000000
00000000
0A000000
00000000
0A000000
00000000
04000000
00000000
08040001
00030000
08000000
0A000000
06000000
00000000
0B000000
07000000
04000000
0000000B
08000000
00000000
00060016
00000000
0F000002
00000800
00000000
00000000
13000000
00000000
09000000
00020000
10000000
1C000000
11000000
00040000
00000008
1F000000
11000000
00000000
00000000
00000000
05000000
00000004
16000000
00000000
10000019
00000003
020A0000
09000400
080F0012
00000000
00000000
00000100
00000000
00040000
12000000
0D000000
00000200
00030000
12000000
0E000000
0A000400
00000000
00000000
05000000
0A000010
00000000
00000002
00000013
07000000
05030002
16000004
000C002C
02000000
00080006
23000000
00000000
0103001C
00000B00
0E000000
0B000000
01000009
00010C00
00000000
09000000
03000000
00020000
0E000000
00010000
00000300
00000001
1F000000
00000000
0C000019
00000000
0E010000
04000F00
090F0014
00000000
08000000
00000900
0A000003
00070001
13000000
15000100
0D000000
00050000
0B000000
11000200
0F000003
00010000
00000000
0A000000
10000003
00000000
00000004
000C0000
10000000
00080007
05000008
00140300
00000001
00070008
1C000000
00000C00
000C001E
00000C00
12000000
06000F00
0010001C
00000C00
09000000
0C000900
00040115
00000400
03000000
10000100
00000000
00000000
0C000000
00060600
0C000005
00000006
16000000
00070E00
0902000B
00000303
16000000
03001600
0607000D
00050800
09010000
07000F00
00120011
00030200
0C000000
18000A00
020C0010
00020000
00000000
1B000B00
0D0A000B
00000000
00000000
15000900
0E0E0006
00000003
00000000
01000700
0B070001
00020005
11000000
010B0500
0A000000
00080005
1C000000
0E000B00
0506020B
00070502
16030000
00000000
000B000A
06000000
00001C00
00000000
00170000
00001C00
00000000
00000000
000B0000
0000100B
0000000A
00000000
00000000
05000005
0A000000
00000000
000D0003
00000000
00000000
00000000
000C0000
00001B00
00000000
00000000
00060000
0000090F
010A0001
00000003
00090000
00000008
00100000
0000000A
000D0000
00000000
00000000
00000001
00060000
00000000
0D000200
00000000
00000007
0D000000
1A001200
00000000
0000001D
05000000
14000D00
00000000
00000015
00000000
00000008
00000000
000D0000
0000001E
00000012
00000000
00000000
00000011
00000026
00000000
00000007
00000000
03000600
00000000
00020006
00000C00
00000000
00000000
07000000
00052C00
00000011
00000000
00000000
00000000
0500000B
00000000
00000000
00000000
00000000
00000000
000A0000
00001000
00001800
00000000
00000000
00000A00
00000F00
00000000
00100000
00000000
00030000
00000000
00220000
00000001
000B0000
00000000
000D0000
00000A0D
00000000
0000000E
00000000
0000000B
0A060000
00000008
00030000
00000000
07080000
00000000
00000007
00000000
0C001A00
00000000
0000000D
00000000
0B001503
00000000
00040003
00000000
00000009
00010000
000F0001
00000012
0000001A
00000000
00000006
0000000C
0E00001A
00000000
0000000A
00000000
09000B00
00000000
0005000A
00000A00
00000500
00000000
00060001
00001809
0200000E
00000000
00070006
00000010
0D00090B
00000000
0000000A
09000000
08001900
00000000
00030007
00000000
00002200
00000000
00030000
00000200
00021500
00000000
00020000
02000000
00000700
00000000
00060000
00000000
00000000
00000000
00040003
00000000
00000400
00000000
00000003
00000000
07000B00
00000000
00080002
0A000000
05020100
00000000
000C0000
02000000
00040300
00000000
00010000
00000000
03010900
00000000
00090000
00000000
00060000
00000000
00110000
00000000
00030000
00000000
000C0000
03000001
03000000
00000000
00060000
05000000
00000000
00000000
000F0000
00000000
00000000
00000000
000F0000
00000F05
00000000
11000000
00000000
00000000
00000000
0F000000
00000000
00000000
01000000
00000000
00000008
00000000
02000B00
00000000
00000014
00000000
04002400
00000000
00000000
00000000
00000000
00000200
000E0000
00000011
00000000
00000000
00000000
00000000
00000005
00000000
00000000
00000000
00000000
00000000
03082000
00003200
00000000
00000000
32030000
002A4700
00000000
0F000700
00000000
00000007
05000000
00000000
00000000
00000000
00000C00
00150000
00000003
00000000
10005900
00000000
00000000
00000000
01002900
00000000
00000000
00000000
00000000
00000000
00020000
00070000
00000000
00000000
00000000
00000003
00000000
00000000
00000000
00000800
00000000
00000000
21000E00
00154300
00000005
00000000
00000009
00190000
1A000F26
00000000
0000000B
00000000
0A000400
00020000
00040003
00000000
00001400
00030000
00000000
00000B00
00000000
00000000
00000000
00010000
00000000
00000000
00000000
00000000
00000000
00000000
01000F00
00003700
00000000
00000000
17000809
00270000
11000E24
00000000
00000009
00000000
1A001600
00000000
00000002
00000000
00000300
00110000
000A0000
00001000
00001200
00000000
00000000
00000000
00001000
00000000
00000000
00040000
00000000
00000000
1F020000
000B1900
00000000
00000000
00000010
00000000
18000B1E
00000000
00000011
00000000
0F000F00
00000000
000B0004
00000E00
00001800
00020000
00000F00
00000F00
00000000
00000000
00000000
00000000
00000100
00000000
00000000
00000000
00000000
00000000
00010008
00000800
00000D00
00000000
00000503
001B0000
0A000B03
00000000
00090000
00000003
00000000
00000000
00070000
00000000
00000000
00030000
00000000
00000000
08004B00
00000000
00000000
00000000
00001E00
00000000
29121000
00300E00
00000000
15000C00
00010000
00000001
00000000
03000000
00000000
00000000
00000000
00020000
000F0004
00000500
00002A00
00000000
0F090D00
00000E00
0A000A00
00000000
00000001
000A0000
0D001100
00000000
00030002
00000000
00000000
00060000
000A0008
00000300
00000001
00030000
00000009
00000000
0E002E19
00000000
0000000A
00010000
06001300
00000000
000B1B01
00000600
00000000
00080000
0C001605
000F0D00
00000000
00000000
00000007
02000000
0A000300
00000000
00050008
00000000
00001D00
00000000
0C000003
00000000
00002900
2100001C
00000000
00000000
03001A00
00000000
00000000
00000000
00000400
00000000
0000000F
00000000
00001900
0A000000
00000009
00000000
03002000
00000000
00000008
00000000
00000000
00000000
00000000
00000000
00000000
00000000
00000003
00000000
03000000
00000000
000F0006
00000000
00000000
00000000
00000006
00000000
01001200
00000024
0000000A
00030000
0E001800
00000000
00000006
00040000
00000700
00000000
000C0000
00000700
00000000
0E000000
00000000
00000000
00000300
00000000
00000000
06000000
00002300
00000000
00050000
00000E00
00000000
00000000
2F0A0F00
002B1B00
00000001
02000B00
00000000
00000007
0800000D
09000000
00000001
00000000
00000000
00000000
00100000
00001100
00002000
00000000
00040000
00001700
00000400
00000000
00000000
00010000
03000800
00000000
00110000
00000000
00000000
00000000
00030006
00000400
02000004
00000000
00090000
00001209
00000003
00000000
00050000
00000007
02000000
00000000
00000008
05000000
07001500
00000004
0003000A
00000000
00001300
00000000
09070703
00001E00
00000904
00000000
00000001
01000007
02001010
00000000
00000003
00000000
00000200
00000000
00060000
00000000
00001400
00000000
00010000
00000900
00040F00
00000000
00070000
00000000
00030000
00000000
000B0000
03000000
04010000
00000000
00070012
00000003
10040007
00000000
00060011
0000000B
110E000D
00000002
00070007
0000000B
0C0C0006
00000000
00090000
00000000
03080B00
00000000
000C0000
08000000
00061200
00000000
00000003
07000800
03050902
00000000
00080003
0100100B
01040008
00000000
04110007
00000711
0C00000D
00000000
00090000
00000009
01030000
00000001
00060000
03000000
00050000
00000000
00040000
00000400
00000000
00000000
000B0000
0E000000
06000400
06000000
000E0002
13000000
03000000
06030000
00100008
0E000300
06000600
0601000A
00000000
0F000000
00000006
06000000
00180000
18000000
00000003
05000002
00120000
12000000
00000000
08000006
00000000
08020000
00000000
06000002
00000000
0D000000
00000002
00000000
00160000
10000001
00000003
03000000
00000000
0A000000
00000000
0B000000
00000000
09000000
00000008
12000000
00000200
12000000
00000005
0F000000
00060A00
06000000
00000000
0B000000
00000000
00000000
00000000
0A000000
00000002
00000000
00000000
0A000000
00000000
00000000
00000000
11000000
00000000
02060000
00000000
10000000
00000000
001D0006
00000000
1200000A
07000000
00220000
06000000
03000000
00000000
0003002E
0000000B
00000000
00200000
02000018
0000000D
00000000
00000000
03000000
00000003
00000000
00000000
09000000
00000012
00000000
00120000
11000000
0000001B
00000000
00000000
00000000
0500000C
0000000B
0B000000
00000000
00000000
06000007
00000000
00000000
00000000
09000000
00070700
12000000
00000000
0A000000
00000A00
16000000
00000000
0C000000
00000500
15020000
00000000
09000000
00030400
00000000
00000000
05000005
00000000
00000000
00000000
08000000
00000000
00000000
00000000
0A000000
00040000
15110000
00000000
0A000000
00000900
182A0000
00000000
0A000000
00000000
11250001
00000000
03000000
00090000
08040008
00000002
01000000
00000000
10000004
00000000
01000000
00000000
130F0000
00000000
00000000
00000100
100C0000
00000000
00000000
00000000
16010000
00000005
00000000
00000000
0C000000
00000001
00000000
00000000
00000000
00000000
00000000
00000000
0A000000
00000000
00000000
00000200
14000000
00000000
00000000
00000900
19020000
00000000
00000000
00000700
1A060000
00000000
00000200
00000400
11000000
00000002
00000000
00000900
05000000
00000000
05000000
00000400
0F000000
00000000
0B000000
00000000
13000000
00000000
0D000000
00000700
0B000000
00000000
0A000000
00000000
05000000
00000000
10000000
00000000
09000000
00000003
16000000
00000000
08000006
00000003
1E000600
00000000
00000000
00000000
19000000
05000000
00000000
00050000
0F000000
02000000
00000000
00020000
0A000000
00000000
00000000
00000000
09000000
00000000
00000000
00000010
10000000
00000000
000E0000
000B001B
10000000
00000000
00180000
00000000
0C000000
03000000
00100000
00000000
00000000
00000000
0000003A
00000049
00000300
00020000
0000000D
00000023
00000000
0D000000
02000000
00000000
00000000
00000000
0A000000
00000000
00000000
00000000
00000000
00000000
00000000
00000000
00000000
00000000
00000000
00000000
00000000
00000015
07000000
00000000
00000000
00000000
11000000
00000200
0F0B0000
00000000
0B000000
00000000
0515001B
00000013
00000000
00140000
00000024
00000020
00000000
00000000
00000000
00001400
00000000
00000000
00000000
00000000
00000000
00000000
09000000
00000011
00000000
00000000
00000000
00000019
00000000
02000000
00000000
00000000
00000014
11000000
00000000
0000000C
00000000
00130000
00000019
0000002F
00000000
00000000
00000000
0006000E
00000000
00000000
00000000
00000000
00000000
00000000
05000000
00000000
00000000
000B0000
11000000
0000000A
00000000
00000000
00000000
19000000
00000006
0A000000
00000000
00000000
1B000D00
002A0000
06000004
00000023
00000000
00000007
12000000
00000F00
00000000
09000000
0C040000
00000000
00001300
00000000
14000000
0000001B
00000000
001C0000
1C000000
00000014
00000001
00000000
00000000
00000A00
0000000C
01000000
00000000
00000000
00000000
00240012
0000082E
00000027
00000000
00010000
07000000
00070005
00000200
00000000
11030000
00040005
00000000
00000000
1E000000
00000006
02000000
00000900
01001800
02000000
02000000
00000000
00000000
00000021
02000000
000A0000
00000000
0000001B
02000007
06080000
0B000000
00001400
05000011
00000000
11000000
00000000
05000000
00070100
1B000100
0000001F
00000000
00190000
0B000000
0400001F
17000000
00000000
00000000
00000000
0400000A
00000000
00000000
00000000
08000000
000A0000
17000000
00000000
0A000000
00000000
00110000
00000100
07000000
00000004
00180000
00000000
02000000
00050000
01000000
00000005
00000000
00190000
31010019
0006000C
00000000
00000306
0E090000
00000E00
00000700
00000000
11060000
00000006
00000300
0011000B
1A00000D
00000019
00000000
05000000
00000000
00000000
00000000
00000000
00000000
00000000
00000000
00000000
1D000000
0000000B
00000000
00000000
00030000
00000000
00000000
00000000
04020000
00000000
00000000
002E0000
2300000E
0000001A
00000000
00000600
15060000
00020A00
00000900
00000000
09030000
0000000E
00000000
000F000A
09000010
0000001C
00000000
00000000
00000000
00000900
00001900
00000000
00000000
00000008
00000000
00000000
1D000000
0000000D
00000000
02000000
0A000000
00000500
0000000A
00000000
00000000
0E000000
00000006
00000000
0000001B
0000002D
00000000
000F0000
0D000000
00000026
00000006
00000000
08000000
00001600
00000009
0A000000
11000000
00000007
00000000
00050000
1F000000
00000026
00000000
001B0000
0F000000
0000001E
00000000
00000000
00000000
00000000
1500000B
00000000
00000000
00000000
05000000
00090000
0A000300
00000000
0A000000
00030000
1A000000
00000000
0A000000
00000000
18140000
00000700
0600000F
00000200
030D0000
06000000
05000003
00000000
0F070005
00000006
01000100
00130000
1100000E
00000009
00000003
00000000
10010000
00000008
03000002
00000000
18010000
00000010
01040400
00000000
1D000000
00000013
00000000
00000000
14000000
0000000F
04000002
00000000
06000000
00000000
0C000005
00000000
00000000
00000000
04000000
00000300
09000000
00000000
05000000
00000600
180D0000
00000000
06000000
00000900
1F190000
00000000
08000000
00000400
191A0000
00000000
06000010
00000000
080A0000
01000004
0300000E
00050000
03000000
05000000
05000003
00000000
11040001
00000000
04000000
00000200
1A0D0003
00000000
05000000
00000600
20030000
00000000
09000000
00000500
1E000000
00000005
0A000500
00000400
10000000
00000004
05000003
00000300
00000000
00000000
03000009
00000300
03000000
00000000
08070003
00000500
0B030000
00000000
