06020300
00000005
00000000
00000000
00010300
0000000A
00000000
00000000
00050300
00000008
00000000
00000000
04030400
00000006
00000000
00000000
01010400
0000000B
00000000
00000000
01040400
0000000A
00000000
00000000
02050400
00000009
00000000
00000000
05050300
00000007
00000000
00000000
04040300
0000000A
00000000
00000000
02040400
0000000A
00000000
00000000
04050300
00000009
00000000
00000000
03050300
00000009
00000000
00000000
03070200
00000008
00000000
00000000
06070100
00010000
00000100
00000000
03000300
00000000
00000001
00020000
00000400
00000000
00000000
00000000
00000600
0000000C
00000000
00000000
00000500
0008020C
00000001
00000005
05000000
00000000
00000000
00000000
0C000000
00000000
00000000
00000500
00000300
00000309
00000000
00000000
00000200
00000009
00000000
00000000
00020507
00000205
00000100
00000000
00000306
00010009
00000000
00000000
03030200
0000000A
00000000
00010000
04040300
00000009
00000000
00000000
05050300
00000008
00000000
00000000
03040400
00000009
00000000
00000000
01050300
00000009
00000000
00000000
06060300
00000007
00000000
00000000
04050400
00000007
00000000
00000000
05030300
00000006
00000000
00000000
03000500
00000007
00000000
00000000
00010500
0000010B
00000000
00000000
00020500
00020108
00000000
00000000
02020600
00060106
00000003
00000000
03010600
00040006
00000001
00000000
01000600
00040108
00000000
00000000
00010600
00050107
00000000
00000000
00020600
00060206
00000003
00000000
01010700
00050104
00000001
00000000
00000600
00080108
00000001
00000000
00000700
00060109
00000000
00000000
00020701
00040206
00000000
00000000
00010702
00090209
00000001
00000000
00040600
00060109
00000000
00000000
02050500
00030107
00000000
00000000
01040400
00010009
00000000
00000000
00050300
00000009
00000100
00000000
00050300
00000009
00000200
00000000
01050200
00000009
00000300
00000000
00050000
0000000A
00000100
00000000
02040000
00000007
00000000
00000000
03020000
00000005
00000200
00000000
00000000
00000008
00000000
00000000
00000000
00000008
00000000
00000000
00000000
00000000
00000000
00000000
00000000
00000000
00000000
00000000
04000000
00000000
00000000
00000000
00000000
00000000
00000000
00000000
00000000
0000000E
00000000
00000000
00000000
00030007
00000000
00000000
00000000
00000000
00000000
00000000
00000000
00000000
00000000
00000000
00000000
00000000
00000000
00000000
00000000
00000200
00000000
00000000
00000000
00000000
03000000
00000000
00000000
00000000
00000000
00000000
00000000
00000000
05000000
00000000
00000100
0000000C
00000000
00000000
00000200
00000012
00000000
00000000
00000000
00000000
01000000
00000000
00000000
00000000
00000000
00000000
02000000
00000600
00000000
00000000
00000000
00000500
00000000
00000000
00000000
00000000
06000000
00000000
00000000
00000000
00000000
00000000
00000200
00000014
00000000
00000000
00000100
00060003
00000000
00000000
00000000
00000000
00000000
00000000
10000000
00000000
00000000
00000000
00000000
00000700
00000002
00000000
00000000
00000000
06000000
00000000
00000803
00000000
00000000
00000000
00000408
000D000D
00000003
00000000
00000000
00000002
00000000
00000000
09000000
00000000
00000000
00000000
00000000
00000407
00000000
00000000
00000000
00080100
00000000
00000000
05000000
00000000
00000000
00000000
02000000
00000000
00000000
00000000
00000000
00000011
00000000
00000000
00000000
00000000
01000000
00000000
04000000
00000100
00000009
00000000
02000000
00000000
00000000
00000000
00000100
00000000
00000000
00000000
00000000
0000000E
00000000
00000000
00000000
00030003
00000000
00000002
01000000
00000000
00000000
00000000
0C000000
00000000
00000000
00000300
00000000
00000307
00000000
00000000
00000300
0000000D
00000000
00000000
0000000F
00000501
06000003
00000000
00000009
00000000
00000000
00000000
09000000
00000300
00000000
00000000
00000000
00000300
00000000
00000000
00000000
00000002
00000000
00000000
00000000
00000006
00000000
00000000
00000000
00030003
00000003
00000007
00000000
00000000
00000000
00000000
00000700
00000100
00000003
00000000
00000200
00100014
00000000
00000008
00000100
00000000
00000000
00000000
00000000
00000000
00000000
00000600
00000100
00100308
00000005
00000004
01000000
00000000
00000000
00000000
00000000
00000000
00000000
00000000
00000000
0006000A
00000000
00000000
06000000
00000000
01000000
00000000
00000300
00000000
00000006
00000300
00000400
00020012
00000000
00000002
00000601
00000100
00000000
00000000
00000000
00000000
00000000
00000200
00000000
00000000
00000000
00000005
09000000
00000000
00000000
00000000
00000000
00000100
00000000
00000000
00000000
00000013
00000000
00000000
00000000
0004000A
00000000
00000000
00000000
00000000
00000000
00000000
0E000000
00000000
00000000
00000000
00000000
00000701
00000000
00000000
00000000
0000000B
01000000
00000000
0000000F
00000300
04000000
00000000
00000019
00000005
00000000
00000000
00000006
0000010A
00000000
00000000
00030002
00000006
00000000
00000000
04000000
00000002
00000000
00000000
00000000
00000007
00000000
00000000
00000402
0000000B
00000000
00000000
00000602
0004020A
00000001
00000002
00010200
00010006
00000001
00000001
0B020200
00000000
00000000
00000000
03000400
00000107
00000000
00000000
00000400
00000009
00000000
00000000
00000703
00000107
00000000
00000000
00000604
00020108
00000001
00000000
01020501
00030009
00000000
00000000
03040500
00040108
00000000
00000000
03050400
00040107
00000000
00000000
05040400
00000004
00000000
00000000
01010500
00010008
00000000
00000000
00000500
00000109
00000000
00000000
00020600
00020107
00000000
00000000
00020500
00060107
00000001
00000000
03020400
00050006
00000001
00000000
02010600
00030106
00000000
00000000
00010600
00040106
00000000
00000000
00010600
00040107
00000000
00000000
02030500
00010105
00000001
00000000
04030601
00030207
00010002
00000000
00000000
00030002
06000004
00000702
00000000
00030001
00000101
00000600
00000000
02030001
00000203
00000403
00000000
00020000
03000003
00000103
00000000
00020000
02000101
00000501
00000000
03000100
00000103
00000500
00000000
02020001
03000205
00000302
00000000
00030001
04000006
00000303
00000000
00020000
01000003
00000501
00000000
01010001
03000104
00000501
00000000
00020003
04000104
00000403
00000000
00020005
05000003
00000403
00000000
00010005
03000004
00000504
00000000
00010400
00000009
00000005
00000000
00000000
00000008
00000005
02000006
00000000
01000000
00000301
00000001
04000000
00020900
00000500
00000000
11000700
000A0800
00000000
02000000
00000000
03000000
00000001
00000000
00000000
00000000
00000600
00000000
00000000
00000000
00000E00
00000000
02000100
00000000
00030400
00000000
01070001
00000000
00000004
00000000
000A0000
01000100
00000004
00000000
00040000
00000004
00000501
00000000
00000000
00000004
00000701
00000000
00000000
02000004
00000701
00000000
01010000
02000104
00000502
00000000
01010003
04000104
00000402
00000000
00020002
01000004
00000203
00000000
01030000
00000006
00000203
00000000
00010000
01000105
00000303
00000000
00010000
02000202
00000401
00000000
03000001
04000300
00000500
00000000
03010200
02000404
00000102
00000000
00040000
02000005
00000302
00000000
00010000
04000003
00000601
00000000
00000000
03000000
00000900
00000000
02000200
00000000
00010400
00000000
00030000
04000102
00000102
00000000
00030000
04000001
00000203
00000000
00010000
00000000
00000500
00000000
00000000
04000100
00010600
00000002
00020000
06000000
00000202
00000000
00030000
04000000
00000400
00000000
00020000
03000001
00000501
00000000
00030001
05000002
00000502
00000000
00030000
03000001
00000501
00000000
00030001
04000103
00000302
00000001
00030003
05000201
00000302
00000000
00040004
03000202
00000301
00000000
03030004
00000303
00000300
00000000
00000004
01000001
00000200
00000000
00000004
00000000
00000300
00000000
00000006
00000000
00000500
0200000B
0000000D
00000000
00000800
00000100
0000000C
00010000
00000000
00000300
00000800
00020007
00000009
00000400
00000000
00080000
00000006
00000000
00000000
00040000
00000000
00000000
0D001200
00021200
00000000
00000000
1F000700
00120F00
00000000
03000403
00000000
00000000
00000000
00000000
00000000
00000000
00000800
00000000
00000000
00000000
00001500
00000000
00000000
00000000
00000300
00000000
00000600
00000000
00000003
00000000
00000000
00040000
00000009
00000000
00000000
00050000
00000000
00000000
00000000
00000C00
00000000
00000000
1D001100
000E1600
00000000
00000000
00000000
000C0800
00000000
03000000
00000000
00000000
00000000
00000000
00000000
00000000
00000A00
00000000
00000700
00000000
00000000
00000200
00000000
00050000
00000000
00000000
00000000
00000000
00000000
00000000
0E001000
00041300
00000000
00000000
12000F00
00120600
00000000
03000400
00000000
00000000
00000000
00000000
00000000
00000000
00000700
00000000
00000000
00000000
00000500
00000000
00000000
00010000
00000000
00000008
00000000
00040000
00000000
00000000
15000A00
000A0900
00000000
02000100
00000000
00040700
00000000
04000002
00000000
00000000
00000600
00000000
00000000
00000000
00001000
00000000
05000D00
00040000
00000000
00000000
00000000
00030000
00000006
00000000
00000000
00000000
00000000
00010000
03000500
00000500
00000300
00020000
06000700
00100000
00000000
00000000
00000000
00020001
00000005
00000000
00000000
00010000
00000000
00000004
00000000
00000000
00001200
00000000
07000100
00060000
00000B00
00000000
15000B00
00140000
00000000
06000500
00000000
00000000
00000000
00000000
00000000
00000000
00000000
00000000
00000000
00000000
00001500
00000000
0C000800
00040100
00000000
00000000
00000001
00080100
00000001
00000000
00000000
00000000
00000000
00000000
00000000
00000000
00000100
03000000
00000000
00000000
00000700
00000003
00000000
00040000
00000100
00020000
00000C00
00050300
00000000
00060000
0A000E00
000D0700
00000000
03000400
00000000
03030000
00000003
00000000
00000000
00000000
00000B00
00000000
10000000
000A0200
00000C00
0B000014
00000000
05000000
00000300
00000000
00000000
00000000
00000000
00000000
00000000
00000000
00000400
08000000
00000000
00020000
00000500
00000000
00000000
00000000
00000000
00010000
08000800
00070200
00000000
05000800
00000000
000A0000
00000004
00000000
00060000
00000000
00000000
00030000
0A000400
00050200
00000300
00000018
00000000
03080000
00000000
00000000
00000000
00090000
00000100
00000000
01000700
00010000
00000000
05000000
00000000
00000000
00000000
00000000
00000000
00040000
00000800
00000000
00000000
00030700
00000C00
00000000
19000C00
00160100
00000000
00000600
00000000
00000000
00000000
04000000
00000000
00000000
00000000
00000000
00000000
00000000
00001200
00000000
00000200
00000000
00000000
00000000
00000000
00060000
00000000
00000500
00080000
00030000
00000000
00000100
00000000
00000000
00000100
01000000
00000000
00010000
00000600
02000000
00000000
00010000
00000100
00000000
00000000
00010000
00000400
01010007
00000000
00010200
00020700
00000000
0A000500
00030500
00010400
00000000
00000000
03000002
00000601
00000000
00000000
00000000
00000600
00000000
00000000
00000000
00000B00
01000000
00000000
00000000
00040900
00000001
01030100
01000000
00000001
00000000
02070000
04000301
00000003
00000000
00040003
06000003
00000502
00000000
00010001
01000004
00000601
00000000
00010000
02000005
00000601
00000000
00010000
01000004
00000403
00000000
00030000
02000102
00000301
00000000
01010000
04000300
00000401
00000000
02020100
04000303
00000003
00000000
02040000
03000204
00000302
00000000
00020000
01000004
00000402
00000000
00010000
04000001
00000700
00000000
00000000
00000001
00000600
00000000
01030000
05000003
00000101
00000000
00040000
06000004
00000204
00000000
00040000
05000003
00000400
00060000
00000000
00000000
00000000
00040000
00060000
00000006
00000000
00020000
00030000
00000001
00000000
00020000
00000000
00000000
01000000
00050100
00030000
00000003
01000000
00050000
00040000
00000004
00000000
00020000
00010000
00000001
00000000
00030000
00000000
00000000
00000000
00050000
00020000
00000002
00000000
00040000
00040000
00000002
01000000
00020000
00000000
00000000
01000000
00030000
00000000
00000000
00000000
00020000
00010000
00000000
00000000
00000000
00030000
00030000
00010001
00000000
00000000
02000004
00000501
02050000
02000000
00000000
05000300
00070600
00060001
0000020F
04000002
01030500
00080006
02000008
01000004
00000000
04000003
00000000
00000800
00030000
00000000
00000200
00000000
00070600
00060000
00000000
00000001
00000000
00030000
00000000
05000001
02000000
00000000
00000000
03000200
01030102
00000000
00000000
02000001
00040000
00030000
00000002
00000000
00040000
00010000
00000001
00000000
00030000
00000000
00000000
00000000
00040000
00020000
00000002
00000000
00020000
00020000
00000001
00000000
00020000
00000000
00000000
00000000
00040000
00020000
00000003
00000000
00040000
00000000
00000002
00000200
00060000
00000000
00000004
01000200
00050200
00040000
00000006
01000000
00040200
00000000
00000004
00010100
00040100
00000000
00000003
00020200
00060000
00000000
00000002
00000100
00060300
00000000
00000002
00000000
00040400
00020000
00000003
00000000
00020000
00000000
00000002
01000300
00040000
00000000
00000000
01000000
00060500
00000000
00000004
02000001
00050100
00000000
00000003
02000200
00030200
00000000
00000001
02000100
00050400
00000000
00000002
01000001
00040200
00000000
00000001
01000000
00030000
00000000
00000000
00000000
00020000
00010000
00000000
01000000
00030000
00020000
00000000
02000000
00020000
00010000
00000000
02000100
00020000
00030000
00000000
01000000
00000000
00060000
00000000
00000000
00000000
00000000
00000000
00000000
00000000
00000000
00000000
00000000
00000000
00000000
00000000
00000000
00000000
00000000
00000000
00000001
00000000
00000000
000A0000
00040005
00000000
00000000
00160000
000C0009
00000000
00000000
00090000
00030000
00000000
00000000
00000100
00050001
00000000
00020000
00000012
00000019
00000000
00000000
00000000
0007000D
00000000
0A000000
00000000
00000000
00000000
00000000
00000000
00000000
00000000
00000000
00000000
00000000
00000000
00000000
00000000
00000002
00000000
00000000
00090000
0000000B
00000000
00000000
000B0000
00000004
00000000
00000000
00000000
00000000
00000000
00000000
0000080A
0500000F
00000000
00090000
00000007
00000015
00000000
00000000
00000000
00000D06
00000000
04000000
00000800
00000000
00000A00
00000000
00000000
00050006
00000000
00000000
00050000
0009000C
00000000
00000000
00000000
00060600
00000001
00000000
00000300
01040009
00000000
000C0000
0000000A
00000014
00000000
00000000
00000000
000A000E
00000000
04000000
00000000
00000500
00000000
00000000
00000A00
00000000
00000000
00000000
00000000
00050006
00000000
00000000
00000000
08000603
01000000
00000000
00000000
06000000
0A011000
000D0000
09000001
01000010
00000000
00000006
09000000
00000D01
00000000
08000000
00000500
00000000
00030E00
00000000
00000100
00000008
00000000
00070000
06060000
0007000A
00000000
00000000
00020000
00000A00
00000000
00000000
00000700
01000000
00000000
000D0007
00000614
0400000E
00000000
00000001
00000000
00080005
00000000
00000000
00050000
00080004
00000000
00000000
06000000
00000004
00020000
00000000
00000E00
03010000
00000600
00000000
00000104
0000000A
00000000
00000000
01000000
00030009
00000000
0A000000
00000000
00000900
00000000
00000000
00000500
00000000
00030000
00000000
00000400
02000008
00000000
00040000
00000000
0600000B
07000002
00000000
00010000
00010001
00000000
00000000
00000000
00000000
00000100
00000000
00000000
00030001
00000000
00000000
00000000
00030002
00000000
00000000
00000000
00040000
00000000
00050000
00000001
00000004
00000000
00060003
0D000009
00080009
00000001
00000005
00000000
00000D00
00070C00
00000000
00000100
00000000
00010B00
000A000A
0B00000A
03010009
00000000
0A000004
00000000
03000400
00000400
04000000
00000000
00000000
00000000
00000000
16000000
0001000B
00000000
00000000
00000100
00000000
00000300
00000000
00000000
00030004
00000000
00140008
0F00000A
0104000F
00000000
00000000
00020000
00061100
00030C01
00000000
00000000
00040008
00000000
000D0009
0B00000C
0100000D
00000000
01000000
00000100
00030901
00010E00
00000000
00000500
00000004
00000000
00000000
06030000
00000007
00000000
0B000000
00000000
00000800
00000000
00000000
00000900
04030000
00000000
00020000
0000020B
0400000E
00000300
00000000
00000000
0005000F
00000000
00000000
00000000
00000C00
00000000
05000000
00000A00
00000000
00010300
00000000
00000000
00020007
00000000
00060000
00000000
03010009
00000000
00000000
00000000
00070300
06000000
00000000
00000000
00000003
00000000
00050000
00000000
00000002
00000000
00020001
00000000
00000000
00000000
00000000
00000000
00000400
00030000
00000000
00000001
03000101
01050300
00020000
00000106
04000100
01050600
00030002
00000008
00000102
00000000
00000004
00000000
00000300
00000000
01000000
00000000
00000000
00070700
00000000
00000000
00000000
00030000
00030000
00000000
02000000
01020100
00000000
00000000
02010200
03030200
00000000
00000002
02000001
00050300
00000000
00000003
00000000
00040400
00000000
00000002
00000000
00040000
00000000
00000000
00000000
00030000
00000000
00000000
01000000
00050200
00010000
00000004
02000000
00040000
00030000
00000005
03000000
00040200
00000000
00000004
00010000
00040300
00000000
00000003
00010000
00040000
00000000
00000001
00010200
00050100
00000000
00000001
00000000
00050400
00010000
00000003
00000000
00040100
00000000
00000004
01000200
00030000
00000000
00000000
01000300
01080500
00010000
00000003
02000200
