000000DE
00000000
00000000
00000000
000000DE
00000000
00000000
00000000
000000DE
00000000
00000000
00000000
000000DF
00000000
00000000
00000000
000000E1
00000000
00000000
00000000
000000E6
00000000
00000000
00000000
000000EC
00000000
00000000
00000000
000000F3
00000000
00000000
00000000
000000F9
00000000
00000000
00000000
00000000
00000000
00000000
00000000
00000007
00000000
00000000
00000000
0000000E
00000000
00000000
00000000
00000016
00000000
00000000
00000000
0000001D
00000000
00000000
00000000
00000024
00000000
00000000
00000000
00000029
00000000
00000000
00000000
0000002F
00000000
00000000
00000000
00000035
00000000
00000000
00000000
0000003B
00000000
00000000
00000000
0000003F
00000000
00000000
00000000
00000041
00000000
00000000
00000000
00000042
00000000
00000000
00000000
00000041
00000000
00000000
00000000
0000003F
00000000
00000000
00000000
0000003D
00000000
00000000
00000000
0000003B
00000000
00000000
00000000
00000039
00000000
00000000
00000000
00000038
00000000
00000000
00000000
00000035
00000000
00000000
00000000
00000030
00000000
00000000
00000000
0000002A
00000000
00000000
00000000
00000023
00000000
00000000
00000000
0000001C
00000000
00000000
00000000
00000015
00000000
00000000
00000000
0000000E
00000000
00000000
00000000
00000006
00000000
00000000
00000000
000000FE
00000000
00000000
00000000
000000F6
00000000
00000000
00000000
000000F0
00000000
00000000
00000000
000000EC
00000000
00000000
00000000
000000E7
00000000
00000000
00000000
000000E3
00000000
00000000
00000000
000000DF
00000000
00000000
00000000
000000DD
00000000
00000000
00000000
000000DC
00000000
00000000
00000000
000000DC
00000000
00000000
00000000
000000DD
00000000
00000000
00000000
000000DE
00000000
00000000
00000000
000000DF
00000000
00000000
00000000
000000DF
00000000
00000000
00000000
000000E0
00000000
00000000
00000000
000000E1
00000000
00000000
00000000
000000E2
00000000
00000000
00000000
000000E3
00000000
00000000
00000000
000000E5
00000000
00000000
00000000
000000E5
00000000
00000000
00000000
000000E5
00000000
00000000
00000000
000000E3
00000000
00000000
00000000
000000E1
00000000
00000000
00000000
000000DF
00000000
00000000
00000000
000000DE
00000000
00000000
00000000
000000DD
00000000
00000000
00000000
000000DC
00000000
00000000
00000000
000000DC
00000000
00000000
00000000
000000DC
00000000
00000000
00000000
000000DC
00000000
00000000
00000000
000000DB
00000000
00000000
00000000
000000DA
00000000
00000000
00000000
000000D9
00000000
00000000
00000000
000000D9
00000000
00000000
00000000
000000D8
00000000
00000000
00000000
000000D8
00000000
00000000
00000000
000000D8
00000000
00000000
00000000
000000D8
00000000
00000000
00000000
000000D8
00000000
00000000
00000000
000000D7
00000000
00000000
00000000
000000D5
00000000
00000000
00000000
000000D4
00000000
00000000
00000000
000000D5
00000000
00000000
00000000
000000D6
00000000
00000000
00000000
000000D7
00000000
00000000
00000000
000000D8
00000000
00000000
00000000
000000D9
00000000
00000000
00000000
000000DA
00000000
00000000
00000000
000000DC
00000000
00000000
00000000
000000DD
00000000
00000000
00000000
000000DE
00000000
00000000
00000000
000000DE
00000000
00000000
00000000
000000DE
00000000
00000000
00000000
000000DE
00000000
00000000
00000000
000000DE
00000000
00000000
00000000
000000DE
00000000
00000000
00000000
000000DE
00000000
00000000
00000000
000000DE
00000000
00000000
00000000
000000DF
00000000
00000000
00000000
000000DE
00000000
00000000
00000000
000000DE
00000000
00000000
00000000
000000DE
00000000
00000000
00000000
000000DE
00000000
00000000
00000000
000000DE
00000000
00000000
00000000
000000DE
00000000
00000000
00000000
000000DE
00000000
00000000
00000000
000000DE
00000000
00000000
00000000
000000DE
00000000
00000000
00000000
000000DE
00000000
00000000
00000000
000000DE
00000000
00000000
00000000
