000000FC
00000000
00000000
00000000
000000FB
00000000
00000000
00000000
000000FC
00000000
00000000
00000000
000000FC
00000000
00000000
00000000
000000FD
00000000
00000000
00000000
000000FD
00000000
00000000
00000000
000000FD
00000000
00000000
00000000
000000FD
00000000
00000000
00000000
000000FD
00000000
00000000
00000000
000000FD
00000000
00000000
00000000
000000FD
00000000
00000000
00000000
000000FE
00000000
00000000
00000000
000000FE
00000000
00000000
00000000
000000FE
00000000
00000000
00000000
000000FE
00000000
00000000
00000000
000000FE
00000000
00000000
00000000
000000FD
00000000
00000000
00000000
000000FD
00000000
00000000
00000000
000000FD
00000000
00000000
00000000
000000FD
00000000
00000000
00000000
000000FD
00000000
00000000
00000000
000000FD
00000000
00000000
00000000
000000FD
00000000
00000000
00000000
000000FD
00000000
00000000
00000000
000000FD
00000000
00000000
00000000
000000FD
00000000
00000000
00000000
000000FD
00000000
00000000
00000000
000000FC
00000000
00000000
00000000
000000FC
00000000
00000000
00000000
000000FC
00000000
00000000
00000000
000000FB
00000000
00000000
00000000
000000FC
00000000
00000000
00000000
000000FD
00000000
00000000
00000000
000000FF
00000000
00000000
00000000
00000004
00000000
00000000
00000000
00000008
00000000
00000000
00000000
0000000A
00000000
00000000
00000000
00000007
00000000
00000000
00000000
00000002
00000000
00000000
00000000
000000FE
00000000
00000000
00000000
000000FB
00000000
00000000
00000000
000000FA
00000000
00000000
00000000
000000FA
00000000
00000000
00000000
000000FB
00000000
00000000
00000000
000000FC
00000000
00000000
00000000
000000FC
00000000
00000000
00000000
000000FD
00000000
00000000
00000000
000000FD
00000000
00000000
00000000
000000FD
00000000
00000000
00000000
000000FD
00000000
00000000
00000000
000000FD
00000000
00000000
00000000
000000FD
00000000
00000000
00000000
000000FD
00000000
00000000
00000000
000000FD
00000000
00000000
00000000
000000FD
00000000
00000000
00000000
000000FD
00000000
00000000
00000000
000000FD
00000000
00000000
00000000
000000FE
00000000
00000000
00000000
000000FD
00000000
00000000
00000000
000000FD
00000000
00000000
00000000
000000FD
00000000
00000000
00000000
000000FD
00000000
00000000
00000000
000000FD
00000000
00000000
00000000
000000FD
00000000
00000000
00000000
000000FD
00000000
00000000
00000000
000000FD
00000000
00000000
00000000
000000FE
00000000
00000000
00000000
000000FF
00000000
00000000
00000000
000000FF
00000000
00000000
00000000
00000000
00000000
00000000
00000000
00000000
00000000
00000000
00000000
00000000
00000000
00000000
00000000
00000000
00000000
00000000
00000000
000000FF
00000000
00000000
00000000
000000FF
00000000
00000000
00000000
000000FF
00000000
00000000
00000000
000000FF
00000000
00000000
00000000
00000000
00000000
00000000
00000000
00000000
00000000
00000000
00000000
00000000
00000000
00000000
00000000
00000000
00000000
00000000
00000000
00000000
00000000
00000000
00000000
000000FF
00000000
00000000
00000000
000000FF
00000000
00000000
00000000
00000000
00000000
00000000
00000000
00000000
00000000
00000000
00000000
00000000
00000000
00000000
00000000
00000000
00000000
00000000
00000000
00000000
00000000
00000000
00000000
00000000
00000000
00000000
00000000
00000000
00000000
00000000
00000000
00000000
00000000
00000000
00000000
000000FF
00000000
00000000
00000000
000000FF
00000000
00000000
00000000
000000FE
00000000
00000000
00000000
000000FE
00000000
00000000
00000000
000000FD
00000000
00000000
00000000
000000FD
00000000
00000000
00000000
000000FD
00000000
00000000
00000000
000000FC
00000000
00000000
00000000
000000FC
00000000
00000000
00000000
000000FC
00000000
00000000
00000000
000000FB
00000000
00000000
00000000
000000FB
00000000
00000000
00000000
000000FA
00000000
00000000
00000000
000000F9
00000000
00000000
00000000
000000F7
00000000
00000000
00000000
000000F5
00000000
00000000
00000000
000000F4
00000000
00000000
00000000
000000F3
00000000
00000000
00000000
000000F2
00000000
00000000
00000000
000000F1
00000000
00000000
00000000
000000F0
00000000
00000000
00000000
000000EF
00000000
00000000
00000000
000000ED
00000000
00000000
00000000
000000EA
00000000
00000000
00000000
000000E6
00000000
00000000
00000000
000000E2
00000000
00000000
00000000
000000E0
00000000
00000000
00000000
000000E4
00000000
00000000
00000000
000000EF
00000000
00000000
00000000
00000004
00000000
00000000
00000000
0000001E
00000000
00000000
00000000
00000035
00000000
00000000
00000000
0000003C
00000000
00000000
00000000
00000032
00000000
00000000
00000000
00000025
00000000
00000000
00000000
0000001D
00000000
00000000
00000000
00000015
00000000
00000000
00000000
0000000C
00000000
00000000
00000000
00000006
00000000
00000000
00000000
00000005
00000000
00000000
00000000
00000003
00000000
00000000
00000000
000000FF
00000000
00000000
00000000
000000FA
00000000
00000000
00000000
000000F3
00000000
00000000
00000000
000000EB
00000000
00000000
00000000
000000E5
00000000
00000000
00000000
000000E5
00000000
00000000
00000000
000000EC
00000000
00000000
00000000
000000F9
00000000
00000000
00000000
00000009
00000000
00000000
00000000
00000017
00000000
00000000
00000000
0000001C
00000000
00000000
00000000
00000014
00000000
00000000
00000000
00000006
00000000
00000000
00000000
000000FA
00000000
00000000
00000000
000000F0
00000000
00000000
00000000
000000EA
00000000
00000000
00000000
000000E6
00000000
00000000
00000000
000000E2
00000000
00000000
00000000
000000DF
00000000
00000000
00000000
000000DE
00000000
00000000
00000000
000000E3
00000000
00000000
00000000
000000F0
00000000
00000000
00000000
00000000
00000000
00000000
00000000
00000010
00000000
00000000
00000000
0000001D
00000000
00000000
00000000
00000021
00000000
00000000
00000000
0000001C
00000000
00000000
00000000
00000010
00000000
00000000
00000000
00000001
00000000
00000000
00000000
000000F6
00000000
00000000
00000000
000000F3
00000000
00000000
00000000
000000F4
00000000
00000000
00000000
000000F4
00000000
00000000
00000000
000000F5
00000000
00000000
00000000
000000F8
00000000
00000000
00000000
000000FD
00000000
00000000
00000000
00000004
00000000
00000000
00000000
0000000B
00000000
00000000
00000000
0000000B
00000000
00000000
00000000
00000003
00000000
00000000
00000000
000000FD
00000000
00000000
00000000
000000F8
00000000
00000000
00000000
000000F8
00000000
00000000
00000000
000000F9
00000000
00000000
00000000
000000FA
00000000
00000000
00000000
000000F9
00000000
00000000
00000000
000000F5
00000000
00000000
00000000
000000EF
00000000
00000000
00000000
000000EB
00000000
00000000
00000000
000000EE
00000000
00000000
00000000
000000F5
00000000
00000000
00000000
000000FF
00000000
00000000
00000000
00000005
00000000
00000000
00000000
00000006
00000000
00000000
00000000
00000007
00000000
00000000
00000000
00000004
00000000
00000000
00000000
000000FE
00000000
00000000
00000000
000000FB
00000000
00000000
00000000
000000FD
00000000
00000000
00000000
00000001
00000000
00000000
00000000
00000007
00000000
00000000
00000000
00000014
00000000
00000000
00000000
00000020
00000000
00000000
00000000
00000021
00000000
00000000
00000000
00000016
00000000
00000000
00000000
00000007
00000000
00000000
00000000
000000FD
00000000
00000000
00000000
000000F5
00000000
00000000
00000000
000000F3
00000000
00000000
00000000
000000F6
00000000
00000000
00000000
000000FC
00000000
00000000
00000000
00000001
00000000
00000000
00000000
00000003
00000000
00000000
00000000
00000000
00000000
00000000
00000000
000000F9
00000000
00000000
00000000
000000F3
00000000
00000000
00000000
000000ED
00000000
00000000
00000000
000000E9
00000000
00000000
00000000
000000E8
00000000
00000000
00000000
000000E8
00000000
00000000
00000000
000000EA
00000000
00000000
00000000
000000EE
00000000
00000000
00000000
000000F3
00000000
00000000
00000000
000000F9
00000000
00000000
00000000
00000001
00000000
00000000
00000000
00000004
00000000
00000000
00000000
00000001
00000000
00000000
00000000
000000FE
00000000
00000000
00000000
00000000
00000000
00000000
00000000
00000004
00000000
00000000
00000000
00000009
00000000
00000000
00000000
00000010
00000000
00000000
00000000
00000011
00000000
00000000
00000000
0000000B
00000000
00000000
00000000
00000004
00000000
00000000
00000000
00000002
00000000
00000000
00000000
00000003
00000000
00000000
00000000
000000FD
00000000
00000000
00000000
000000F4
00000000
00000000
00000000
000000EC
00000000
00000000
00000000
000000EA
00000000
00000000
00000000
000000EE
00000000
00000000
00000000
000000F3
00000000
00000000
00000000
000000F5
00000000
00000000
00000000
000000F2
00000000
00000000
00000000
000000F0
00000000
00000000
00000000
000000F2
00000000
00000000
00000000
000000F8
00000000
00000000
00000000
000000FF
00000000
00000000
00000000
00000004
00000000
00000000
00000000
00000007
00000000
00000000
00000000
0000000C
00000000
00000000
00000000
00000011
00000000
00000000
00000000
00000013
00000000
00000000
00000000
00000015
00000000
00000000
00000000
00000013
00000000
00000000
00000000
00000009
00000000
00000000
00000000
000000FE
00000000
00000000
00000000
000000FA
00000000
00000000
00000000
000000FD
00000000
00000000
00000000
00000004
00000000
00000000
00000000
0000000D
00000000
00000000
00000000
0000001B
00000000
00000000
00000000
00000025
00000000
00000000
00000000
00000020
00000000
00000000
00000000
0000000E
00000000
00000000
00000000
000000FB
00000000
00000000
00000000
000000EE
00000000
00000000
00000000
000000E8
00000000
00000000
00000000
000000E7
00000000
00000000
00000000
000000E9
00000000
00000000
00000000
000000EC
00000000
00000000
00000000
000000EF
00000000
00000000
00000000
000000F1
00000000
00000000
00000000
000000F2
00000000
00000000
00000000
000000F3
00000000
00000000
00000000
000000F4
00000000
00000000
00000000
000000F5
00000000
00000000
00000000
000000F6
00000000
00000000
00000000
000000F7
00000000
00000000
00000000
000000F7
00000000
00000000
00000000
000000F8
00000000
00000000
00000000
000000FA
00000000
00000000
00000000
000000FB
00000000
00000000
00000000
000000FD
00000000
00000000
00000000
000000FF
00000000
00000000
00000000
00000001
00000000
00000000
00000000
00000004
00000000
00000000
00000000
00000004
00000000
00000000
00000000
00000001
00000000
00000000
00000000
000000FF
00000000
00000000
00000000
000000FD
00000000
00000000
00000000
000000FC
00000000
00000000
00000000
000000FC
00000000
00000000
00000000
000000FD
00000000
00000000
00000000
000000FD
00000000
00000000
00000000
000000FE
00000000
00000000
00000000
000000FF
00000000
00000000
00000000
000000FF
00000000
00000000
00000000
000000FF
00000000
00000000
00000000
00000000
00000000
00000000
00000000
000000FF
00000000
00000000
00000000
000000FF
00000000
00000000
00000000
000000FF
00000000
00000000
00000000
000000FF
00000000
00000000
00000000
000000FE
00000000
00000000
00000000
000000FE
00000000
00000000
00000000
000000FD
00000000
00000000
00000000
000000FD
00000000
00000000
00000000
000000FE
00000000
00000000
00000000
000000FE
00000000
00000000
00000000
000000FF
00000000
00000000
00000000
000000FF
00000000
00000000
00000000
00000000
00000000
00000000
00000000
00000000
00000000
00000000
00000000
00000000
00000000
00000000
00000000
00000000
00000000
00000000
00000000
000000FF
00000000
00000000
00000000
000000FF
00000000
00000000
00000000
000000FF
00000000
00000000
00000000
000000FF
00000000
00000000
00000000
000000FF
00000000
00000000
00000000
00000000
00000000
00000000
00000000
00000000
00000000
00000000
00000000
00000000
00000000
00000000
00000000
000000FF
00000000
00000000
00000000
000000FF
00000000
00000000
00000000
