0E030000
00000000
00000000
00000400
0D000000
00080000
00000000
00000300
0C000000
000A0000
01000000
07000300
0A010000
00000000
03000000
05000300
0A030000
00000000
03000000
04000200
0A030000
00000000
03000000
05000300
0B030000
00000000
02000000
01000300
0B020000
00000000
02000000
03000300
0A010000
00000000
02000000
04000300
0A000000
00000000
02000000
00000300
09000000
00000000
01000000
00000300
09010000
00000000
01000000
03000300
09030000
00000000
01000000
03000300
0A030000
00000000
01000000
00000300
0B040000
00000000
00000000
04000300
0B030000
00000000
01000000
03000300
0B020000
00000000
01000000
00000300
0B000000
00000000
01000000
00000300
0B010000
00000000
01000000
04000300
0B020000
00000000
02000000
03000300
0B020000
00000000
02000000
03000300
0B020000
00000000
02000000
03000300
0B020000
00000000
02000000
03000300
0B020000
00000000
02000000
03000300
0B020000
00000000
01000000
02000300
0C040000
00000000
02000000
05000300
0D040000
00000000
02000000
05000300
0D030000
00000000
02000000
01000300
0D030000
00000000
02000000
06000300
0C000000
00000000
03000000
06000300
09000000
00030000
03000000
01000300
05000000
00080003
03000000
02000200
00000000
000D0008
02000000
00000200
00000000
000B000B
00000000
00000200
00000000
00000009
00000000
00010300
000A0200
00000000
00000000
00040400
06190400
00000000
00000000
04060500
0E190400
00000000
00000000
00060600
140E0300
00000000
00000000
00040700
15000100
00040000
00000000
00000600
13000000
000F0000
00000000
00000500
10000000
000F0000
00000000
02000400
0D000000
000B0000
03000000
04000300
0B000000
00030000
04000000
09000200
0A010000
00000000
05000000
06000200
09030000
00000000
04000000
03000200
0A030000
00000000
03000000
04000200
0A030000
00000000
03000000
05000300
0B030000
00000000
02000000
01000300
0B020000
00000000
02000000
03000300
0B020000
00000000
02000000
03000300
0B020000
00000000
02000000
03000300
0B020000
00000000
02000000
03000300
0B020000
00000000
02000000
03000300
0A010000
00000000
02000000
04000300
0A000000
00000000
01000000
00000300
0A020000
00000000
01000000
03000300
0B030000
00000000
02000000
06000300
0B040000
00000000
02000000
02000300
0B020000
00000000
01000000
00000300
0B010000
00000000
01000000
04000300
0B020000
00000000
02000000
03000300
0B020000
00000000
02000000
03000300
0A010000
00000000
02000000
04000300
09000000
00000000
02000000
01000300
08000000
00010000
01000000
00000300
07000000
00000000
01000000
02000300
06000000
00000000
01000000
01000300
06010000
00000000
00000000
00000300
07010000
00000000
00000000
00000300
08020000
00000000
00000000
00000400
08040000
00000000
00000000
00000400
09020000
00000000
00000000
00000400
09010000
00000000
00000000
00000400
09000000
00000000
00000000
00000400
08000000
00000000
00000000
00000400
07000000
00000000
00000000
00000400
07000000
00000000
00000000
00000400
07020000
00000000
00000000
00000400
08020000
00000000
00000000
00000400
09020000
00000000
00000000
00000400
09010000
00000000
00000000
01000400
08000000
00000000
00000000
00000400
07000000
00000000
00000000
00000400
07000000
00000000
00000000
01000400
07020000
00000000
00000000
00000400
07010000
00000000
00000000
00000400
08000000
00000000
00000000
00000400
08000000
00000000
00000000
00000400
08010000
00000000
00000000
00000400
09020000
00000000
00000000
00000400
0A030000
00000000
00000000
00000400
0A030000
00000000
00000000
00000400
0B020000
00000000
00000000
00000400
0C030000
00000000
00000000
02000400
0C020000
00000000
00000000
01000400
0C020000
00000000
00000000
00000400
0D030000
00000000
01000000
03000300
0D030000
00000000
02000000
06000300
0D030000
00000000
02000000
01000300
0E030000
00000000
02000000
05000300
0F040000
00000000
03000000
07000300
0F060000
00000000
03000000
05000300
12070000
00000000
03000000
07000300
140B0000
00000000
05000000
0C000300
170C0000
00000000
06000000
0E000200
190A0000
00000000
07000000
0E000200
19080000
00020000
09000000
0D000200
1A070000
00050000
0A000000
12000100
1B090000
00030000
0C000000
16000100
1C0B0000
00020000
0E000000
17000000
1E0C0000
00010000
0F000000
17000000
20100000
00000000
11000000
1B000000
25160000
00000000
12000000
21000000
2B1B0000
00000000
15000000
27000000
301D0000
00000000
18000000
2C000000
2F140000
00090000
1C000000
31000000
25000000
00220000
1F000000
2A000000
0E000000
00460014
22000000
1D000000
00000000
00640032
20000200
03000000
00000000
006C004E
18000A00
00000000
00000000
00410058
08000F00
00000000
00000500
00000046
00000D00
00090000
002A0F02
0000001E
00000800
00190500
00511707
00000000
00000500
00230D09
003B190A
00000000
00000500
0024130F
050E140B
00000000
00000500
001D1610
12000F09
00000000
00000300
0015160D
14000B06
00000000
00000100
00101309
12000804
00070000
00000000
000B0F06
12000402
00120000
00000000
00060C03
14000200
00090000
00000000
00030900
190E0200
00000000
00000000
07020700
221D0100
00000000
00000000
08010600
2D210000
00000000
00000000
15000500
321C0000
00000000
07000000
20000400
2E060000
00160000
0E000000
1B000200
1E000000
003C0000
14000000
10000000
05000000
00560017
17000000
07000000
00000000
0054002C
16000200
00000000
00000000
00300035
10000400
00000000
00000000
0000002A
05000200
00000000
00270600
0000000D
00000000
05090200
014D0B01
00000000
00000000
10100702
1B4C0B02
00000000
00000000
00100B06
2E2D0702
00000000
00000000
000A0C06
380D0100
00070000
00000000
00010B02
3A020000
00220000
00000000
0C000800
39050000
00210000
09000000
1F000300
380C0000
001B0000
15000000
31000000
320C0000
001A0000
1E000000
36000000
24000000
002B0002
23000000
30000000
0E000000
00470017
24000000
18000000
00000000
0055002C
21000000
06000000
00000000
0043003A
1B000300
03000000
00000000
0015003B
11000500
00000000
00000200
0000002C
03000400
00040000
00200900
00000010
00000100
000E0300
00400D02
00000000
00000000
00130904
13470E04
00000000
00000000
00140D08
26300B04
00000000
00000000
000F0F08
2B080502
00000000
00000000
00060D05
27000000
00320000
00000000
00000A00
1F000000
00390000
00000000
05000600
16000000
00230000
07000000
1C000200
0D000000
00110004
0D000000
13000000
03000000
0013000B
0D000000
05000000
00000000
00190012
0A000000
00000000
00000000
00110014
05000000
00000000
00000000
0000000C
00000000
00000100
011E0300
00000000
00000000
14040300
0E2D0500
00000000
00000000
0F070500
16200400
00000000
00000000
00050700
1A010100
00010000
00000000
00010700
17000000
001F0000
00000000
00000600
12000000
00180000
00000000
01000300
12010000
00080000
04000000
0E000200
18140000
00000000
07000000
13000200
20200000
00000000
09000000
1E000200
231B0000
00000000
0C000000
20000200
1E020000
000F0000
0E000000
0E000100
11000000
00330005
0F000000
01000000
02000000
003D0013
0E000000
00000000
00000000
00250019
0E000000
06000000
00000000
00000015
0C000000
14000000
00100000
0000000B
07000000
09010000
00190300
00000000
00000000
00040300
0B1A0300
00000000
00000000
03050500
11130300
00000000
00000000
09040600
0E000100
00000000
00000000
00010600
06000000
001F0000
00000000
00000500
00000000
002B000D
00000200
00000400
00000000
002A001C
00000600
00000200
00000100
001E0024
00000800
00020200
00000500
00000018
00000500
00080400
00250A01
00000000
00000000
030F0801
044C0E03
00000000
00000000
08140B06
1B3F0D04
00000000
00000000
00120D08
28180803
00000000
00000000
000B0E07
29000201
001E0000
00000000
00020C02
1D000000
003A0000
00000000
00000800
0E000000
003B0000
00000000
00000400
03000000
002D000B
05000000
02000100
00000000
0008000B
07000000
08000000
05120000
00000002
05000000
0D000100
10260100
00000000
04000000
15010300
1D290100
00000000
02000000
0F010400
28200000
00000000
02000000
0A000500
2D120000
00000000
05000000
12000400
2D060000
00150000
0B000000
17000200
28000000
001E0000
11000000
1B000000
21000000
00220000
17000000
23000000
18000000
00210005
1A000000
20000000
0E000000
001E000D
1A000000
1A000000
04000000
001B0014
19000000
18000000
00000000
00130017
14000000
07000000
00000000
00010013
0E000000
00000000
000F0000
00000009
09000000
14000000
031C0100
00000000
07000000
1A020200
040D0200
00000000
02000000
00020300
00000100
000A0002
00000000
00000400
00000000
001D000A
00000100
00000400
00000000
0014000F
00000200
00010400
00000200
0000000B
00000100
00040400
00110500
00000000
00000000
00080600
04230700
00000000
00000000
0A0A0700
09170701
00000000
00000000
00090801
0F000400
00000000
00000000
00060901
17000200
00050000
00000000
00020800
22190100
00000000
00000000
1C010700
29290000
00000000
02000000
21000600
29140000
00000000
06000000
0B000400
23000000
00290000
08000000
00000300
19000000
003B0000
0C000000
03000000
14000000
00250005
10000000
17000000
140F0000
00000002
15000000
2D000000
151C0000
00000000
16000000
2B000000
130E0000
00000000
14000000
13000000
0C000000
00180006
0F000000
00000000
02000000
0029000F
0C000000
00000000
00000000
001A0014
0B000000
06000000
00000000
00000014
09000000
0D000000
00000000
00000013
05000000
00010100
00000200
00000011
00000200
00040300
00000400
0000000D
00000300
00060500
00000600
00000008
00000300
00090600
00080701
00000000
00000100
000B0801
031D0902
00000000
00000000
000D0A03
132A0902
00000000
00000000
0A0D0B04
191A0702
00000000
00000000
00090B03
13000300
00150000
00000000
00030900
05000000
00410000
00000200
00000700
00000000
00450014
00000500
00000400
00000000
00300024
00000800
00000200
00000300
000E0025
00000800
00050300
00040700
0000000F
00000300
000C0500
00460C02
00000000
00000000
11130A04
1C650F04
00000000
00000000
0E160D09
34480C04
00000000
00000000
00100F0A
3F100402
00030000
00000000
00050E06
3B000000
00410000
00000000
00000A00
2F000000
004C0000
05000000
13000400
22000000
003B0000
12000000
20000000
18000000
00230006
19000000
23000000
13020000
000E0008
1A000000
22000000
110A0000
00000007
19000000
21000000
110C0000
00000005
17000000
1C000000
110A0000
00000003
14000000
16000000
11070000
00000002
11000000
13000000
10050000
00020002
0F000000
12000000
0F050000
00010001
0E000000
0F000000
0F060000
00000001
0D000000
11000000
0E040000
00000001
0C000000
10000000
0C010000
00020002
0A000000
08000000
0A000000
00040003
09000000
07000100
07000000
00030004
08000000
0A000100
04000000
00010005
07000000
04000100
01000000
00000006
04000000
01000200
00000000
00000006
02000000
00000200
01000000
00000002
00000000
00000300
050A0100
00000000
00000000
06020400
0A100200
00000000
00000000
05030400
0D0D0200
00000000
00000000
00020500
10030100
00000000
00000000
00000500
0F000000
00060000
00000000
00000500
0D000000
00070000
00000000
00000400
0B000000
00060000
01000000
03000300
09000000
00010000
02000000
05000300
07000000
00000000
02000000
00000300
07000000
00000000
01000000
00000300
07010000
00000000
01000000
05000300
07020000
00000000
00000000
00000300
08020000
00000000
00000000
00000400
09020000
00000000
00000000
02000400
09020000
00000000
00000000
00000400
09010000
00000000
00000000
00000400
0A020000
00000000
00000000
03000400
0B030000
00000000
00000000
00000400
0B040000
00000000
00000000
01000400
0B010000
00000000
00000000
02000400
0A000000
00010000
00000000
00000300
09000000
00010000
00000000
00000300
08000000
00000000
01000000
02000300
07000000
00000000
01000000
02000300
07000000
00000000
00000000
00000300
06000000
00000000
00000000
00000300
07010000
00000000
00000000
00000300
08020000
00000000
00000000
00000400
08040000
00000000
00000000
00000400
09020000
00000000
00000000
00000400
09010000
00000000
00000000
00000400
09000000
00000000
00000000
00000400
08000000
00000000
00000000
01000400
07000000
00000000
00000000
00000400
07000000
00000000
00000000
00000400
08000000
00000000
00000000
00000400
08040000
00000000
00000000
02000400
08030000
00000000
00000000
00000400
08000000
00000000
00000000
00000400
07000000
00000000
00000000
00000400
03000400
01000011
08000200
00030002
07000401
00000009
00000203
00030002
07000401
00000000
0C000206
00030002
06000400
00000000
0C000204
00060002
05000400
00000000
00000201
00060002
05000400
01000000
07000200
00050002
05000400
01000000
00000200
00050002
05000400
01000000
03000200
00050002
05000400
01000000
05000201
00040002
05000400
01000000
01000203
00040002
05000400
01000000
03000204
00040002
04000400
01000000
02000201
00040002
03000400
01000000
08000200
00040002
03000400
01000000
00000200
00050002
03000400
01000000
05000200
00040002
03000400
01000001
03000200
00040002
04000400
01000003
05000200
00040002
05000400
01000001
00000200
00040002
05000400
01000000
07000201
00040002
05000400
01000000
03000200
00050002
05000400
01000000
03000200
00050002
05000400
01000000
03000200
00050002
05000400
01000000
03000200
00050002
05000400
01000000
03000200
00050002
05000400
01000000
01000200
00060002
05000400
01000000
05000200
00060002
05000400
01000000
03000200
00050002
05000400
00000002
02000200
00060002
06000400
00000001
03000200
00060002
06000400
00000001
07000200
00050002
07000400
00000001
07000206
00040002
07000402
00000000
0400020D
00000001
06000403
00000000
09000118
00000000
04020404
01000000
0000011F
00000000
00000403
03000000
00000117
00000000
00000401
05000000
07000100
00010001
00000400
07000000
00000200
00010002
00000400
07000012
03000200
00000003
00000401
05000022
00000200
00000004
00000402
0300001F
02000200
00000004
05000402
01000015
0D000200
00000003
09000401
00000008
08000204
00020003
09000400
00000000
09000208
00060002
09000400
00000000
07000206
00070002
07000400
00000000
04000204
00070002
06000400
00000000
03000203
00070002
05000400
00000000
00000201
00060002
05000400
01000000
07000200
00050002
05000400
01000000
00000200
00050002
05000400
01000000
03000200
00050002
05000400
01000000
03000200
00050002
05000400
01000000
03000200
00050002
05000400
01000000
03000200
00050002
05000400
01000000
03000200
00050002
05000400
01000000
05000201
00040002
05000400
01000000
00000202
00050002
05000400
01000000
05000201
00050002
04000400
01000000
01000200
00050002
04000400
01000001
09000200
00050002
05000400
01000001
00000200
00050002
05000400
01000000
07000201
00040002
05000400
01000000
03000200
00050002
05000400
01000000
03000200
00050002
05000400
01000000
05000201
00040002
05000401
01000000
03000203
00030002
05000401
01000000
01000206
00030002
04000401
01000000
04000205
00030002
02000401
01000000
04000204
00020002
02000401
02000000
04000203
00020002
01000401
02000000
00000201
00020002
00000401
02000000
06000200
00020002
00000401
02000000
01000200
00020002
00000401
02000002
04000200
00010002
01000401
02000004
05000200
00010002
01000402
02000002
01000200
00000002
02000402
02000000
06000103
00000002
02000401
02000000
04000203
00010002
01000401
02000000
02000201
00010002
00000401
02000000
08000200
00010002
00000401
02000000
00000200
00020002
00000401
03000000
06000200
00010002
00000401
02000002
06000200
00000002
01000402
02000004
03000101
00000002
02000402
02000000
00000103
00000002
01000402
02000000
06000102
00000002
00000401
02000000
08000200
00010002
00000401
02000000
00000200
00010002
00000402
03000000
04000100
00000002
00000402
03000000
04000100
00000002
00000401
03000000
01000200
00010002
00000401
03000000
06000200
00010002
00000401
02000001
01000200
00020002
01000401
02000004
07000200
00020002
01000401
02000003
00000200
00020002
02000401
02000003
0B000200
00030002
03000401
01000003
00000200
00030002
04000400
01000002
07000200
00040002
05000400
01000001
01000200
00050002
05000400
01000000
07000200
00050002
05000400
00000002
02000200
00060002
06000400
00000000
00000200
00070002
06000400
00000000
05000200
00070002
07000400
00000001
04000300
00090002
08000400
00000000
00000300
000B0002
08000400
00000102
08000300
000C0003
0A000400
00000306
01000300
000D0003
0C000400
00000409
05000400
000E0003
10000400
00000609
00000400
00100003
12000400
00000704
02000400
00120003
14000400
00000802
06000400
00140003
15000400
00000901
02000400
00160003
17000400
00000A00
00000500
00190003
18000400
00000C00
00000500
001C0003
1A000400
00000D00
00000600
00200003
1C000400
00001005
02000600
00240004
20000400
0000130D
03000700
00260004
25000400
00001615
0D000700
00230004
2C000400
00001716
10000608
001C0002
32170400
00001509
1A000439
000D0000
31340405
00000D00
11010176
02000000
264D040B
00000000
0903007F
04000100
0D52040E
00000000
0002007F
04000500
0039040B
0A000000
00000078
02000700
000C0407
17000000
00000006
00000500
00000408
20000000
03000000
00000300
0000040C
21000041
00000000
00000104
00000410
1E000062
00000000
00000007
00000410
19000052
0C000000
00000008
0000040D
14000049
32000000
00000007
0000040A
0E000044
11000000
00000006
00000408
0A00002D
04000000
00000005
00000405
07000013
0E000000
00000005
00000400
0500000E
17000200
00020004
00000400
03000018
01000300
000C0005
05000400
01000423
04000400
00120006
0E000400
00000A2F
13000500
00130006
1B000400
00000F35
13000500
00100005
26000400
00001126
12000418
000B0002
2C160402
00000E00
1000024B
00040000
272B0405
00000600
0E00016E
01000000
17310405
00000000
00000072
02010000
00220402
01000000
0000004B
00070000
00020400
09000000
00000100
000A0000
00000400
0F000000
00000200
00070002
00000400
0F000031
00000200
00010006
00000400
0B00005E
00000200
00000008
00000400
0500015B
00000300
00000009
11000400
00000A44
16000400
000B0008
1E000400
00001029
11000500
00180006
25000400
00001518
18000600
00210005
2C000400
00001914
19000700
00240004
32050400
00001910
15000612
001D0002
361A0400
00001600
0D000440
00140000
332E0401
00000F00
0300026B
010C0000
253A0404
00000300
0301017D
02040000
0E370404
00000000
0001006F
02010100
00230404
05000000
00000042
01000200
00020402
0D000000
00000000
00000100
00000401
12000000
00000000
00000002
00000401
13000026
00000100
00000006
00000403
1000005A
02000100
00000008
00000405
0A00006B
05000100
00000008
07000405
0300004E
02000100
00000007
12000403
0000041D
1700020A
00000005
14000400
00000600
2600030D
00070003
13000400
00000500
18000311
000A0001
13060400
00000300
0200021D
00070000
100C0402
00000000
0400012C
00010000
090D0403
00000000
00000131
00020000
00020401
02000000
0000011B
00080000
00000400
06000000
06000200
00080001
00000400
07000001
07000200
00060003
00000400
0600002D
00000200
00010004
00000402
04000031
00000200
00000004
09000403
0100001E
12000202
00000004
0D000401
00000105
0100020A
00050003
0C000400
00000200
0F000303
000D0002
0A000400
00000300
00000400
00140003
09000400
00000503
07000500
00170004
0E000400
0000081A
0E000500
00120004
16000400
00000B25
06000400
000C0003
1F010400
00000A15
05000321
00070002
200F0402
00000700
0000023F
00070000
18140401
00000200
0B000240
000B0000
09100400
00000000
05000224
000B0000
00040400
02000000
00000208
000A0000
00000400
04000000
00000200
00090001
00000400
06000000
00000200
00040003
00000401
05000017
14000200
00000003
00000403
04000026
01000100
00000003
06000405
02000017
00000013
00000002
07040408
01000000
1E00002C
00000000
0313040A
02000000
14000045
00000000
0017040B
05000000
00000054
00000100
00090408
0A000000
00000034
00000100
00000403
10000000
0A000000
00000000
00000400
13000000
0D000100
00000004
00000401
1200004A
00000100
00000006
00000404
0D000068
00000100
00000008
00000406
06000057
0A000100
00000007
0B000405
01000138
2A000103
00000005
14000404
00000311
0B000121
00000002
13030403
00000100
1100012D
00020001
0B040400
00000000
0400021F
000A0000
02000400
01000000
00000300
00100001
00000400
02000000
00000400
00110002
00000400
02000011
00000400
00110004
05000400
00000428
00000400
00110005
0F000400
0000092C
00000400
00110005
19000400
00000D24
0F000500
00140005
21000400
00001016
09000500
00180004
25000400
00001105
0D00050B
00190002
26050400
00001100
0F000518
001A0001
250D0400
00000E00
04000423
00180000
20130400
00000A00
0900042D
00120000
19150400
00000500
00000332
00100000
100E0400
00000000
00000328
00110000
04020400
00000000
00000309
00100000
00000400
02000000
14000200
00080001
00000401
0300000E
00000200
00000001
01000405
03000011
0000000E
00000001
02000407
03000000
06000024
00000001
00040407
04000000
0800002B
00000000
00000405
06000000
0000001D
00000000
00000402
09000000
00000000
00000001
00000402
0B000000
18000100
00000002
00000404
0A000028
00000000
00000003
00000405
0800002B
00000000
00000004
00000403
06000010
00000100
00000005
00000400
04000006
17000300
00090005
00000400
02000224
25000400
000D0005
0B000400
0000083D
00000400
000B0005
1A000400
00000B32
02000300
00090004
22000400
00000C0A
00000320
000E0003
20010400
00000B00
08000421
00170001
18000400
00000A00
14000507
001D0001
12000400
00000900
0C000500
001B0001
14000400
00000909
03000400
00120001
18020400
00000809
00000318
000A0001
180A0401
00000400
00000230
00070000
120E0401
00000000
06000231
00070000
070E0401
00000000
0F000125
00030000
000B0403
02000000
0300001D
00000000
00060405
05000000
0000001F
00000000
00010407
08000000
0000001B
00000000
00000408
0B000000
0000000F
00000000
00000406
0D000000
00000000
00000001
00000403
0E000000
00000000
00000003
00000402
0E00001A
18000100
00000005
00000404
0B000046
13000100
00000005
00000407
0600004D
00000000
00000005
0700040A
03000025
09000023
00000003
080A040B
01000000
29000043
00000000
001A040C
03000000
12000055
00000100
0017040B
07000000
00000052
00000200
00000406
0D000000
00000019
00000100
00000400
13000000
0B000100
00000002
00000400
14000024
0B000200
00000006
00000400
10000078
00000200
00000009
00000402
0800007F
00000200
0000000A
12000403
00000961
14000300
00000008
21000400
00000E2D
23000308
00090005
27000400
00001105
1E000419
00140003
26040400
00001000
0F00051B
001C0001
22070400
00000E00
06000516
001E0001
1D060400
00000C00
0000050E
001E0000
19030400
00000A00
00000508
001B0001
17000400
00000900
00000407
00180001
15000400
00000800
00000408
00150001
14000400
00000700
00000408
00130001
12000400
00000600
00000407
00120001
10000400
00000500
02000405
00100001
0F000400
00000400
03000305
000E0001
0E000400
00000300
00000309
000C0001
0D000400
00000200
0000030C
000A0001
0B000400
00000000
0400020D
00080001
09000400
00000000
0600020E
00060001
06000401
00000000
00000210
00030001
03000402
01000000
00000111
00020001
00000401
02000000
0000010A
00040001
00000400
04000000
01000200
00030002
00000400
04000000
09000200
00020002
00000400
04000010
00000200
00020003
00000401
03000011
00000200
00000003
03000402
0200000D
0C000200
00000003
05000401
01000007
02000202
00020002
06000401
00000000
09000205
00030002
05000401
00000000
06000205
00030002
05000401
01000000
06000206
00040002
04000401
01000000
00000204
00040002
02000401
01000000
08000202
00020002
02000401
02000000
00000201
00030002
01000401
02000000
01000200
00020002
01000401
02000000
02000200
00020002
01000401
02000002
0A000200
00020002
01000401
02000001
00000200
00020002
01000401
02000000
0A000200
00020002
01000401
02000001
01000200
00030002
02000400
02000003
07000200
00030002
03000401
01000003
01000200
00020002
04000401
01000003
07000202
00030002
05000401
01000000
01000204
00030002
04000401
01000000
04000204
00030002
03000401
01000000
0A000204
00020002
02000401
02000000
00000203
00020002
02000401
02000000
08000203
00020002
01000401
02000000
00000201
00020002
00000401
02000000
06000200
00020002
00000401
02000000
01000200
00020002
00000401
02000002
04000200
00010002
01000401
02000004
05000200
00010002
01000401
02000002
00000200
00010002
01000402
02000000
0A000201
00000002
02000401
02000000
01000202
00010002
02000401
02000000
04000203
00010002
01000401
02000000
00000201
00020002
00000401
02000000
0A000200
00020002
00000401
02000002
02000200
00000002
01000402
02000004
03000101
00000002
02000402
02000000
00000103
00000002
